1.681595961968348041e+00
1.681636754713155213e+00
1.681605299690511313e+00
1.681570323802327849e+00
1.681583627021516980e+00
1.681471462010091900e+00
1.681680476146334868e+00
1.681629543806719473e+00
1.681683778775304283e+00
1.681672194142901366e+00
1.681542059569324898e+00
1.681711361660834347e+00
1.681704601453081205e+00
1.681618958206027914e+00
1.681802042566898470e+00
1.681763498075715235e+00
1.681593111547968977e+00
1.681737432399571297e+00
1.681699059000724361e+00
1.681848398231141406e+00
1.681584891941662052e+00
1.681428604951759054e+00
1.681589797829178279e+00
1.681629978000728887e+00
1.681871118908395024e+00
1.681652786577248371e+00
1.681759551555923382e+00
1.681822992854596466e+00
1.681665995867525298e+00
1.681720238333807238e+00
1.681751221903939886e+00
1.681856754853142233e+00
1.681658310193550276e+00
1.681581315629252948e+00
1.681445309112972852e+00
1.681557276620903485e+00
1.681647641281867056e+00
1.681591860468574007e+00
1.681747728678288256e+00
1.681677228448814176e+00
1.681580857069216783e+00
1.681534469720498581e+00
1.681685570833089560e+00
1.681847362380812561e+00
1.681581613809683740e+00
1.681480612104979899e+00
1.681672720238021057e+00
1.681759667394358226e+00
1.681919995274263169e+00
1.681597127852575424e+00
1.681519504717233104e+00
1.681365447445315242e+00
1.681627494335262485e+00
1.681579375812948918e+00
1.681664815948352265e+00
1.681399079400002661e+00
1.681597792011010561e+00
1.681584160795879246e+00
1.681559035882097541e+00
1.681739355708360417e+00
1.681687432595041942e+00
1.681525292892704249e+00
1.681456835464310240e+00
1.681606259547291815e+00
1.681853291369105774e+00
1.681657582407560358e+00
1.681534027226446959e+00
1.681691968767983658e+00
1.681825046232962695e+00
1.681909952071879211e+00
1.681799711420821630e+00
1.681782685944019917e+00
1.681934157798184337e+00
1.681769072357074846e+00
1.681635686545650987e+00
1.681924105976129180e+00
1.681643854152974127e+00
1.681675230945383737e+00
1.681818917338350428e+00
1.681861025164811840e+00
1.681781478926336781e+00
1.681814005745521978e+00
1.681802405845758575e+00
1.681706287111376819e+00
1.681675505716030194e+00
1.681729146620597248e+00
1.681623456345316958e+00
1.681605296353136492e+00
1.681597665953249221e+00
1.681554874429582513e+00
1.681634873575600819e+00
1.681789966757069932e+00
1.681521537121985599e+00
1.681764720660355872e+00
1.681705175022885745e+00
1.681718475576465810e+00
1.681517261159600762e+00
1.681518249153004962e+00
1.681424840529233355e+00
1.681673500692595136e+00
1.681491808330671578e+00
1.681652261180813568e+00
1.681708501397736644e+00
1.681482361564587968e+00
1.681757426356765839e+00
1.681892867283319548e+00
1.681574721190982169e+00
1.681766200441513259e+00
1.681734555376265261e+00
1.681605800646626125e+00
1.681710928073157918e+00
1.681648310017335390e+00
1.681764941644645850e+00
1.681692664390650682e+00
1.681635183582072202e+00
1.681689882198723174e+00
1.681717735138684944e+00
1.681691914093627283e+00
1.681518872028650691e+00
1.681455728304976915e+00
1.681646193208688356e+00
1.681652676378024402e+00
1.681534995194255533e+00
1.681611683415531244e+00
1.681619965279031126e+00
1.681721469837153649e+00
1.681583393786109326e+00
1.681668083831865390e+00
1.681784374632966150e+00
1.681701186188088615e+00
1.681584575951077909e+00
1.681576643859370890e+00
1.681776920323433178e+00
1.681614690436099790e+00
1.681598024326122820e+00
1.681496215291366392e+00
1.681759278395174473e+00
1.681716978849807642e+00
1.681511246601323561e+00
1.681793662373993525e+00
1.681897951638597233e+00
1.681590863615426201e+00
1.681732282435759451e+00
1.681566538655285825e+00
1.681714363129482415e+00
1.681664284849832436e+00
1.681580598291256168e+00
1.681826928362567308e+00
1.681758482061529003e+00
1.681745488573745062e+00
1.681681784895469489e+00
1.681696407565511642e+00
1.681549405171298250e+00
1.681682610207287709e+00
1.681719577039161084e+00
1.681632874129626476e+00
1.681628631650846195e+00
1.681620220376729868e+00
1.681677910437757939e+00
1.681585191782940969e+00
1.681595257573089253e+00
1.681679703571739459e+00
1.681725191814828158e+00
1.681944069617241411e+00
1.681744058753170679e+00
1.681496426819449441e+00
1.681603846730865381e+00
1.681698932271035174e+00
1.681697497067690117e+00
1.681528155776021771e+00
1.681685376012107547e+00
1.681906263192119333e+00
1.681778806332141274e+00
1.681689286438367459e+00
1.681831439871106726e+00
1.681651458874701577e+00
1.681831532207260338e+00
1.681797886502782280e+00
1.681790401389981815e+00
1.681834254397454709e+00
1.681615414137595854e+00
1.681772985428568568e+00
1.681858307854337653e+00
1.681700512745891052e+00
1.681743180584627684e+00
1.681763808626414169e+00
1.681721469318009587e+00
1.681663002629285142e+00
1.681710068792568347e+00
1.681658321642238052e+00
1.681630356173305918e+00
1.681741412708034566e+00
1.681974749184346418e+00
1.681841830610728561e+00
1.681737880312440758e+00
1.681639629404249048e+00
1.681595760515584015e+00
1.681817399230344456e+00
1.681743692050468031e+00
1.681719634507099714e+00
1.681667081249181184e+00
1.681585161374436366e+00
1.681657920330783762e+00
1.681953782169295142e+00
1.681772040292974113e+00
1.681644772201819737e+00
1.681548023281069115e+00
1.681640773382893306e+00
1.681633172106324903e+00
1.681817904644091088e+00
1.682091544252107385e+00
1.681647860318720378e+00
1.681667213146908146e+00
1.681648730099591260e+00
1.681834280446961927e+00
1.681773336818030984e+00
1.681610222343074890e+00
1.681694184712329676e+00
1.681832192139212978e+00
1.681663629158542728e+00
1.681688814469801230e+00
1.681599768497022973e+00
1.681785201732520774e+00
1.681498036809462970e+00
1.681670724193702116e+00
1.681853572751545345e+00
1.681705224963740752e+00
1.681591193819873764e+00
1.681652727471623976e+00
1.681470278424617826e+00
1.681709298795051710e+00
1.681848350607742626e+00
1.681575781826487814e+00
1.681797628793631594e+00
1.681604971699412365e+00
1.681435303489242861e+00
1.681706441250693240e+00
1.681622404744159471e+00
1.681594346042067478e+00
1.681601909401972739e+00
1.681526636023328969e+00
1.681626768187051590e+00
1.681592937415341549e+00
1.681690291093657308e+00
1.681706771011190815e+00
1.681652387063083953e+00
1.681323898700061381e+00
1.681451774528229803e+00
1.681421686776360502e+00
1.681643926589295068e+00
1.681561357196893480e+00
1.681568824726718425e+00
1.681637544081287849e+00
1.681336149897425303e+00
1.681598568307446584e+00
1.681776846341317411e+00
1.681498143019616087e+00
1.681899507016219708e+00
1.681383646148946864e+00
1.681663544429062629e+00
1.681724858853189675e+00
1.681704569317153730e+00
1.681729388207738651e+00
1.681658294212889704e+00
1.681828207216528037e+00
1.681806904786762313e+00
1.681823614359263974e+00
1.681731715973572516e+00
1.681823662711842804e+00
1.681560912114683948e+00
1.681771635157310874e+00
1.681509495322243808e+00
1.681611960105394710e+00
1.681804361697367023e+00
1.681745108500728225e+00
1.681730775562561675e+00
1.681645077029345181e+00
1.681574759776437444e+00
1.681748826661299434e+00
1.681617627855161556e+00
1.681717252715008382e+00
1.681519500464348615e+00
1.681555815685612076e+00
1.681460807081887721e+00
1.681492965921043581e+00
1.681834512829978534e+00
1.681814992826802468e+00
1.681720978208799178e+00
1.681658512840943143e+00
1.681764927401254939e+00
1.681922911883574123e+00
1.681932110852403017e+00
1.681923660779929275e+00
1.681748688344975484e+00
1.681805910314887020e+00
1.681589896950911767e+00
1.681620125268577848e+00
1.681757345126650094e+00
1.681893306364164564e+00
1.681613853930178815e+00
1.681443897007401045e+00
1.681831959201781856e+00
1.681785268744830253e+00
1.681650741837275254e+00
1.681703522886111468e+00
1.681648838545906965e+00
1.681744436444974511e+00
1.681866528629641477e+00
1.681722078816152433e+00
1.681787902546534541e+00
1.681798035387178647e+00
1.681625898436836630e+00
1.681841500066350914e+00
1.681794790830446251e+00
1.681572019794853379e+00
1.681650688911995539e+00
1.681785374298833569e+00
1.681709731435479194e+00
1.681835334775633406e+00
1.681541630264418608e+00
1.681772625680706623e+00
1.681854165121844380e+00
1.681679715835768141e+00
1.681674359576082356e+00
1.681798295715871472e+00
1.681703244522252616e+00
1.681812334001311138e+00
1.681833254070142392e+00
1.681954471408216634e+00
1.681685254553145326e+00
1.681418378772390199e+00
1.681764515151729533e+00
1.682076856077188598e+00
1.681977828237191996e+00
1.681770500940448665e+00
1.681643465574172325e+00
1.681752980839754441e+00
1.681737916365285024e+00
1.681713780739465092e+00
1.681908237529584849e+00
1.681513542942084660e+00
1.681667377547339415e+00
1.681783548868468037e+00
1.681894247335482984e+00
1.681571709204402909e+00
1.681873511267691246e+00
1.681706493637643351e+00
1.681844243673459749e+00
1.681594087891883138e+00
1.681620169536432563e+00
1.681571760154888295e+00
1.681516968382130051e+00
1.681873812333721130e+00
1.681716920840837792e+00
1.681573814397358868e+00
1.681881236292782855e+00
1.681824208851830482e+00
1.682062502556887162e+00
1.681641820251168706e+00
1.681781488550690762e+00
1.681845089246296832e+00
1.681523178749112946e+00
1.681993177381000848e+00
1.681761695627576714e+00
1.681771047502748306e+00
1.681826284525774540e+00
1.681444287353175193e+00
1.681590940413453694e+00
1.681577914143473018e+00
1.682199912095610594e+00
1.681786696294292671e+00
1.681787148756452410e+00
1.681625260514803655e+00
1.681508738442859308e+00
1.681803419259816801e+00
1.681850961227631558e+00
1.681932382064534659e+00
1.681590856563790926e+00
1.681758142088817909e+00
1.681769250798498039e+00
1.681691168780043322e+00
1.681653201520759700e+00
1.681594173430873251e+00
1.681573119573617214e+00
1.681691148920140932e+00
1.681639163974476325e+00
1.681789522765825939e+00
1.681682913263331747e+00
1.681593057196647534e+00
1.681574885317264290e+00
1.681961220922538747e+00
1.681899316378754561e+00
1.681891671249495124e+00
1.682002263458098446e+00
1.681885472811457838e+00
1.681823428315973867e+00
1.681600505014348546e+00
1.682008838869532452e+00
1.681988668165614431e+00
1.682019923929325200e+00
1.681737036528255125e+00
1.681665509395570357e+00
1.681771545734397577e+00
1.681909438965399906e+00
1.681832438954651288e+00
1.682047575773112369e+00
1.681793837841908834e+00
1.681873623809160057e+00
1.681913145193100423e+00
1.681854356943101036e+00
1.681935802513594203e+00
1.681906187075008940e+00
1.681533269300543143e+00
1.681831548802644294e+00
1.681923597183920815e+00
1.681974157117472002e+00
1.681908959995886965e+00
1.681814150967103627e+00
1.681574055338896478e+00
1.681643974492079252e+00
1.681816806006394271e+00
1.681936850156688923e+00
1.681787282200419398e+00
1.681582140246736135e+00
1.681587047473573460e+00
1.682090133836146917e+00
1.682137682403830325e+00
1.681747387423232265e+00
1.681750163369177375e+00
1.681627211854288095e+00
1.681745815366077368e+00
1.682043008445054166e+00
1.681661111060061220e+00
1.681805718867839472e+00
1.681727863770730025e+00
1.681583340421441530e+00
1.681789753491028216e+00
1.681889986551042160e+00
1.681612600669623481e+00
1.681651243578245358e+00
1.681721562214776977e+00
1.681642825127569463e+00
1.681635614215541974e+00
1.681710991392870280e+00
1.681547377699111889e+00
1.681598580463660175e+00
1.681693468361820099e+00
1.681645002838466629e+00
1.681510307619034084e+00
1.681769000649344648e+00
1.681625623926350732e+00
1.681572220736423873e+00
1.681598942499876292e+00
1.681754300964028337e+00
1.681760546841865045e+00
1.681572044603671046e+00
1.681626846527045860e+00
1.681756611627166942e+00
1.681720918413364574e+00
1.681811205609657467e+00
1.681776953178795164e+00
1.681610466428977713e+00
1.681746970747495240e+00
1.681682824435350554e+00
1.681693375333435991e+00
1.681745844032722648e+00
1.681600121662533809e+00
1.681743656742051618e+00
1.681792189303124685e+00
1.681818528011590264e+00
1.681676648196237966e+00
1.681653460453048643e+00
1.681636963533476692e+00
1.681489834880895096e+00
1.681684061923373719e+00
1.682099166607385898e+00
1.681696294993591190e+00
1.681588015174185324e+00
1.681642875335737086e+00
1.681759501847103433e+00
1.681882232796397147e+00
1.681759336063183730e+00
1.681679366929645036e+00
1.681547149197249347e+00
1.681616770061932886e+00
1.681705706300689718e+00
1.681876335029648173e+00
1.681691395465570116e+00
1.681720714927039673e+00
1.681462847102059621e+00
1.681962049036104689e+00
1.682045928567155180e+00
1.681560717838076480e+00
1.681539339811026323e+00
1.681902205320957577e+00
1.681745780150071923e+00
1.681740791071570040e+00
1.681918313181431479e+00
1.681524796937849953e+00
1.681611035807176080e+00
1.681468983916113213e+00
1.681700002451912423e+00
1.681771207664046752e+00
1.681888649287534232e+00
1.681720247892558140e+00
1.681510431566049180e+00
1.681470615954017811e+00
1.681623889175695385e+00
1.681585119892334390e+00
1.681686542275522500e+00
1.681954974104153955e+00
1.681425510813149060e+00
1.681922316544246510e+00
1.681427427492936610e+00
1.681753569028255013e+00
1.682006817501835449e+00
1.681399871987670824e+00
1.681277515802962252e+00
1.681349776858729994e+00
1.681643973173208018e+00
1.681749664434027958e+00
1.681729097855218402e+00
1.681695364653789104e+00
1.681278103568862869e+00
1.681519419417085270e+00
1.681918554301117252e+00
1.681596841927976316e+00
1.681690528247472560e+00
1.681627437965174332e+00
1.681448835923458951e+00
1.681858112197540667e+00
1.681679395163989454e+00
1.681533670521681012e+00
1.681995795272765770e+00
1.681526519694123145e+00
1.681578355377246092e+00
1.681613692997675935e+00
1.681616611958740570e+00
1.681718764262510879e+00
1.681177116540408134e+00
1.681764583888789577e+00
1.681707292277916155e+00
1.681766028368018473e+00
1.681471849352563996e+00
1.681393562986524648e+00
1.681628546758546339e+00
1.681465062556058099e+00
1.681546832169489747e+00
1.681827257952675403e+00
1.681427730213880256e+00
1.681537378536563043e+00
1.681555600863673838e+00
1.681649047568134714e+00
1.681613822758403209e+00
1.681538183688521926e+00
1.681468544984391578e+00
1.681591370405405073e+00
1.681559141313460737e+00
1.681715341368390071e+00
1.681547055112464273e+00
1.681720417942124346e+00
1.681451580192495188e+00
1.681495486048174115e+00
1.681355474932448191e+00
1.681516219796234335e+00
1.681704919576967105e+00
1.681753043313471752e+00
1.681514207084754853e+00
1.681621746211570789e+00
1.681626857217022764e+00
1.681637936523884269e+00
1.681809044547043053e+00
1.681899128641610286e+00
1.681667474509661808e+00
1.681666373005596737e+00
1.681872003502185686e+00
1.681948183701641231e+00
1.681790802846575561e+00
1.681465961869194281e+00
1.681375974340836965e+00
1.681299677450107444e+00
1.681811126145086543e+00
1.681984461663156072e+00
1.681797426346973490e+00
1.681627013047053643e+00
1.681285176805554116e+00
1.681551316039759492e+00
1.681568390537250490e+00
1.681820299006129948e+00
1.681504644083949618e+00
1.681344724167114224e+00
1.681513349648962485e+00
1.681556649452550012e+00
1.681905453768476999e+00
1.681811311809638720e+00
1.681612094575016814e+00
1.681580074537453617e+00
1.681625003655425221e+00
1.681791765458034105e+00
1.681745173022158202e+00
1.682013455605115171e+00
1.681657367211993437e+00
1.681301058472207233e+00
1.681469015920366683e+00
1.681572400913308840e+00
1.681887697706862861e+00
1.681774585286271773e+00
1.681341704258145997e+00
1.681480324956429850e+00
1.681597412515922541e+00
1.681815858877397485e+00
1.682083788644106015e+00
1.681517626210882632e+00
1.681649994495736600e+00
1.681564334225758239e+00
1.681701020859321494e+00
1.681819467690464531e+00
1.681488739001656629e+00
1.681561764317177632e+00
1.681570744817398655e+00
1.681552960092713489e+00
1.681601927500854687e+00
1.681482113291741243e+00
1.681623439192486691e+00
1.681340518955406260e+00
1.681465636110013095e+00
1.681726741458489105e+00
1.681577349930014176e+00
1.681736673828839068e+00
1.681837165976332704e+00
1.681435526434550187e+00
1.681817853779823402e+00
1.681583874671012557e+00
1.681593749058686083e+00
1.681408235842159815e+00
1.681408811853113416e+00
1.681751404235352521e+00
1.681963327418306564e+00
1.681713414837651355e+00
1.681568715265515657e+00
1.681611615877887322e+00
1.681762872022577016e+00
1.681782242245236869e+00
1.681519199618882521e+00
1.681502466275777152e+00
1.681566424567465301e+00
1.681503170422829374e+00
1.681570580681069460e+00
1.681618783835919562e+00
1.681842696907664969e+00
1.681782945029826726e+00
1.681648258509384597e+00
1.681895830278456128e+00
1.681901775180542513e+00
1.681634469127198050e+00
1.682323524325973763e+00
1.681549834344350014e+00
1.681564687623176679e+00
1.681732376429744269e+00
1.681755753874298209e+00
1.681509325265951205e+00
1.681530391206200958e+00
1.681934086907945769e+00
1.681610595094155114e+00
1.681643810028407682e+00
1.681659689393862678e+00
1.681712740653177551e+00
1.681944297537378397e+00
1.681649547718522708e+00
1.681531294250252273e+00
1.681794101660959440e+00
1.681571843564590107e+00
1.681583686048496729e+00
1.681619650403264554e+00
1.681575784993349476e+00
1.681908230618607503e+00
1.681712559055248191e+00
1.681729829639934781e+00
1.681638688832610029e+00
1.681719922956461222e+00
1.681839222074431373e+00
1.681823101680844257e+00
1.681565398980356063e+00
1.681712895001266084e+00
1.681911077849244318e+00
1.681833162764275302e+00
1.681776572736307207e+00
1.681904470350805481e+00
1.681581495579695495e+00
1.682128019271233565e+00
1.681792175632620623e+00
1.681802483588085151e+00
1.681808542215676550e+00
1.681817696057804401e+00
1.681819185256704596e+00
1.681638736042087245e+00
1.682014885083789713e+00
1.681885266390845013e+00
1.681587590478007987e+00
1.681656982532178768e+00
1.681614626608349372e+00
1.681789643300518833e+00
1.681714539386315321e+00
1.681548612840170209e+00
1.681567499637078855e+00
1.681781456910598882e+00
1.681972144500784028e+00
1.681995716988659240e+00
1.681595710293363410e+00
1.681707934098024992e+00
1.681946718843839728e+00
1.682035848328115035e+00
1.681857366274133403e+00
1.681806374795751235e+00
1.681709548284961997e+00
1.681679778623274002e+00
1.681997110173810928e+00
1.681947999896367341e+00
1.681898350141597831e+00
1.681707489320874771e+00
1.681571795112546619e+00
1.681728680935222320e+00
1.681613351384094956e+00
1.681741672224295270e+00
1.682022066128329607e+00
1.681582689405568320e+00
1.681676015181861272e+00
1.681479773846525472e+00
1.681989576800642316e+00
1.681687934485093239e+00
1.681629285337260971e+00
1.681619451673429300e+00
1.681624929188751505e+00
1.681390042552437514e+00
1.681846707131387175e+00
1.681478971955016277e+00
1.681716232209241824e+00
1.681596334509092738e+00
1.681679715122367913e+00
1.681635390884611114e+00
1.681452194365837371e+00
1.681606617190246622e+00
1.681657530925447119e+00
1.681519566622874384e+00
1.681701734576021012e+00
1.681665856665182757e+00
1.681672120508121981e+00
1.681599540562741302e+00
1.681462843181676714e+00
1.681937454326418724e+00
1.681749909871544268e+00
1.681461372672953258e+00
1.681746060412231847e+00
1.681723635085350610e+00
1.681668161753410384e+00
1.681691143542528577e+00
1.681557369982892958e+00
1.681780939696230881e+00
1.681799468163257316e+00
1.681693783193814129e+00
1.681563789774403350e+00
1.681628485420123331e+00
1.681848487098154932e+00
1.681901514053644409e+00
1.681404221413232758e+00
1.681656809325401403e+00
1.681553658940834195e+00
1.681566498005269361e+00
1.681542510640686272e+00
1.681626399522293758e+00
1.681745526927463041e+00
1.681533490270309850e+00
1.681675444947077214e+00
1.681553008210385336e+00
1.681449219824642238e+00
1.681539069323906066e+00
1.682030705355313627e+00
1.681464028246282494e+00
1.681501059417607191e+00
1.681657382817676627e+00
1.681535350269113493e+00
1.681734606379283514e+00
1.681635391658850676e+00
1.681685814750190300e+00
1.681373503116964319e+00
1.681557998905269802e+00
1.681729440099402950e+00
1.681776383611365944e+00
1.681756251840114569e+00
1.681539805551620637e+00
1.681944460758494575e+00
1.682054846997004249e+00
1.681776002483067245e+00
1.681910878661654563e+00
1.681549133014180963e+00
1.681442576469349692e+00
1.681529615557729063e+00
1.681648477259553687e+00
1.681927991153189694e+00
1.681909229714643850e+00
1.681578079459630226e+00
1.681712081838306894e+00
1.681911744037933198e+00
1.681906890119684750e+00
1.681878467094461094e+00
1.681617233097599362e+00
1.681540986630601475e+00
1.681471440571722153e+00
1.681734263745577884e+00
1.681880774197044071e+00
1.681759312510975546e+00
1.681564919862186702e+00
1.681585369377294858e+00
1.681588268968468691e+00
1.681738235904340018e+00
1.681919959395122843e+00
1.681816911666296877e+00
1.681772677510875003e+00
1.681637605722090978e+00
1.681883054325136628e+00
1.681919213224331244e+00
1.681559876928286013e+00
1.681440135686394832e+00
1.681409132402259532e+00
1.681616725161653170e+00
1.681726709144220733e+00
1.681596659910234104e+00
1.681640706127553564e+00
1.681500429777016414e+00
1.681471327477596978e+00
1.681571501355710430e+00
1.681727512743913300e+00
1.681664892662998900e+00
1.681147932627332420e+00
1.681473926500456573e+00
1.681489696788759369e+00
1.681559106820083693e+00
1.681456904469024183e+00
1.681386981339967335e+00
1.681434354208933835e+00
1.681667048524344121e+00
1.681553831276592081e+00
1.681880045952204972e+00
1.681455813916949538e+00
1.681314103095181256e+00
1.681709751900585692e+00
1.681695972772813352e+00
1.681367049002899572e+00
1.681588567466417050e+00
1.681514068937380646e+00
1.681476953480854020e+00
1.681764947218166606e+00
1.681489014938443383e+00
1.681546529496589670e+00
1.681379436394322191e+00
1.681638917831084878e+00
1.681648676144832599e+00
1.681670373307409205e+00
1.681508360493518373e+00
1.681388263794181714e+00
1.681510656394009651e+00
1.681521325382689502e+00
1.681456503575365913e+00
1.681578943558323269e+00
1.681610047570109234e+00
1.681996994654910038e+00
1.681531656868379132e+00
1.681575389093071138e+00
1.681709289434503374e+00
1.681415655293664990e+00
1.681567800383087841e+00
1.681986044363008581e+00
1.681453693379646452e+00
1.682147989016221867e+00
1.681689091581925588e+00
1.681761312134813835e+00
1.681624950603038737e+00
1.681471897656209524e+00
1.681722724001043501e+00
1.681908898719437717e+00
1.681839643956832830e+00
1.681541693020505157e+00
1.681676379372031960e+00
1.681856402958267882e+00
1.681968611003125780e+00
1.681789532899117257e+00
1.681719353321840416e+00
1.681452508392352385e+00
1.681680879579222188e+00
1.681923028636171269e+00
1.681886241533637971e+00
1.681494154664622043e+00
1.681673074632574094e+00
1.681482347134109379e+00
1.682121293763885417e+00
1.681764325378289682e+00
1.681658332694718982e+00
1.681602185674679006e+00
1.681566717517734455e+00
1.681710273650401044e+00
1.681507802253645822e+00
1.681516300843557854e+00
1.681706172219082474e+00
1.681470238968406417e+00
1.681560201580983183e+00
1.681632929451689851e+00
1.681755321775356027e+00
1.681810739116736952e+00
1.681593434828126954e+00
1.681866273823373170e+00
1.681594453810359546e+00
1.681720529625849281e+00
1.681871818754013592e+00
1.681571354483091474e+00
1.681839593389284682e+00
1.681585273504107247e+00
1.681660139660352549e+00
1.681783025939237008e+00
1.681628524186822959e+00
1.681864003839008470e+00
1.681918870799158139e+00
1.681660206536195634e+00
1.681739447769946327e+00
1.681548895320926551e+00
1.681661982669020672e+00
1.681687503081338519e+00
1.681887809371811482e+00
1.681830290989595023e+00
1.681602971127720059e+00
1.681762306786487082e+00
1.681504503409382734e+00
1.681821848366904515e+00
1.681801302426392253e+00
1.681961607510263024e+00
1.681303215721976718e+00
1.681364181176937977e+00
1.681660619680151125e+00
1.681712186524191299e+00
1.681528759648107663e+00
1.681418809803298053e+00
1.681351315905816657e+00
1.681674323738014953e+00
1.681907959303751809e+00
1.682113267717743943e+00
1.681405853179997578e+00
1.681258366541029448e+00
1.681704226441823602e+00
1.681932603890247790e+00
1.681839174244350588e+00
1.681650496983347898e+00
1.681558829918490483e+00
1.681870419405255612e+00
1.681708706668977316e+00
1.681681868404403479e+00
1.681630949434370637e+00
1.681612164502609419e+00
1.681458171172970362e+00
1.681685377137750459e+00
1.681911791993206062e+00
1.681615031908671343e+00
1.681469858688701580e+00
1.681661863117428046e+00
1.681751248566844215e+00
1.681548093765118379e+00
1.681628294622178998e+00
1.681562826322440252e+00
1.681761840307257394e+00
1.681592284797847947e+00
1.681551454037006899e+00
1.681541177950379717e+00
1.681322502295489629e+00
1.681507989360887079e+00
1.681530301750640000e+00
1.681560751618744520e+00
1.681321097462255887e+00
1.681371163152625581e+00
1.681831077847246059e+00
1.681582132668232754e+00
1.681704517187022407e+00
1.681375820323486980e+00
1.681713586586753184e+00
1.681741928835484901e+00
1.681309588201667760e+00
1.682208002692205495e+00
1.681716508598938287e+00
1.681295548914980120e+00
1.682105804470006127e+00
1.682477524645674460e+00
1.681779910925012000e+00
1.681626206703835891e+00
1.681582099165309874e+00
1.681925060176687747e+00
1.681517711855608166e+00
1.681350723910901346e+00
1.682040777022317357e+00
1.681674654319797124e+00
1.681852740266550850e+00
1.682556831635787731e+00
1.681264282298165158e+00
1.681756359382225563e+00
1.681525943322128347e+00
1.681826481877567447e+00
1.681682026558761756e+00
1.681268541233869485e+00
1.681414180800067770e+00
1.681715557563614460e+00
1.681678262487438902e+00
1.681858236303625853e+00
1.681087733970423326e+00
1.681611982739574795e+00
1.681645824272623546e+00
1.681546648387498344e+00
1.681827853581969068e+00
1.681855839361131810e+00
1.681437603193365771e+00
1.681305245523462943e+00
1.681660998123453599e+00
1.681837896932151466e+00
1.681744086265922533e+00
1.681660529629575684e+00
1.681286681804323724e+00
1.681281703091551227e+00
1.681786427222782931e+00
1.681712839241117807e+00
1.681706771856855909e+00
1.681580354913953190e+00
1.681245651509321704e+00
1.681413653757039439e+00
1.681799559645343445e+00
1.681539870436248751e+00
1.681743328820815009e+00
1.681430978541369026e+00
1.681317305726574673e+00
1.681799542519276214e+00
1.681555530693006784e+00
1.681703055775410682e+00
1.681607276137377038e+00
1.681118023923631632e+00
1.681946769389326635e+00
1.681525310518445337e+00
1.681587888136563569e+00
1.681641460264750254e+00
1.681467911514201052e+00
1.681351310871423976e+00
1.681627906974485720e+00
1.681635265707041693e+00
1.681900489226725304e+00
1.681506307719647042e+00
1.681491010548760379e+00
1.681317436246730246e+00
1.681772567622961567e+00
1.681994799392224182e+00
1.681896400304161654e+00
1.681615652728539523e+00
1.682422081245924517e+00
1.681228216348595650e+00
1.681538836225513922e+00
1.682016407487189058e+00
1.681569427443845077e+00
1.682025829203893652e+00
1.681258222825821491e+00
1.681187016780872012e+00
1.681662489204617916e+00
1.681638569719052567e+00
1.681819611723808450e+00
1.681173273288097736e+00
1.681599407466739970e+00
1.681553334378599551e+00
1.681775856921446710e+00
1.682111664682016672e+00
1.681384724916773488e+00
1.681522771012383233e+00
1.681319205257825855e+00
1.681454300135211133e+00
1.681718221003880798e+00
1.681611337666068184e+00
1.681536130294194908e+00
1.681484869327818377e+00
1.681344305070374912e+00
1.681503135089041479e+00
1.681696161873168283e+00
1.681613041446654355e+00
1.681544560987569437e+00
1.681397526855585189e+00
1.681678132090948852e+00
1.681608056460714984e+00
1.681666863770979514e+00
1.681711379634289294e+00
1.681638457069783987e+00
1.681781670920528882e+00
1.681749543107749378e+00
1.681738098050526320e+00
1.681706113839828820e+00
1.681602640990602637e+00
1.681651809630291261e+00
1.681694280296181176e+00
1.681670621601584203e+00
1.681553037563634057e+00
1.681419244077788422e+00
1.681518794320506105e+00
1.681436236383100136e+00
1.681544901983656803e+00
1.681309086955768528e+00
1.681534018257270668e+00
1.681499669661540741e+00
1.681511220063578893e+00
1.681258936185968000e+00
1.681360816487282639e+00
1.681643146092162810e+00
1.681774924186058007e+00
1.681692771904764738e+00
1.681708167836154066e+00
1.681460196578967725e+00
1.681590940313015592e+00
1.681536042786813567e+00
1.681540241505393496e+00
1.681787527527409454e+00
1.681347345011421357e+00
1.681347319068374757e+00
1.681380807415131073e+00
1.681668627346131650e+00
1.681361910142829208e+00
1.681316588598410489e+00
1.681271379866471571e+00
1.681291759118646478e+00
1.681541484306411594e+00
1.681517088161254891e+00
1.681706723744946785e+00
1.681420408284037382e+00
1.681377845925520420e+00
1.681484126273054214e+00
1.681196034295131314e+00
1.681612094100711330e+00
1.681454647389087675e+00
1.681378078122489628e+00
1.681487133966843794e+00
1.681478351059555454e+00
1.681343353722636325e+00
1.681777891536508029e+00
1.681639497947848394e+00
1.681275828550974349e+00
1.681251483052218942e+00
1.681459809040287690e+00
1.681713309641445164e+00
1.681630723464923705e+00
1.681259214601613872e+00
1.681405029346364710e+00
1.681526366179900034e+00
1.681484801570876542e+00
1.681636884142593047e+00
1.681641254572644684e+00
1.681699349658432707e+00
1.681359887777255757e+00
1.681473467773215935e+00
1.681587958070905220e+00
1.681524618440999985e+00
1.681527113915536109e+00
1.681495316377227933e+00
1.681375442007045917e+00
1.681577112188840539e+00
1.681464619686007467e+00
1.681523392300030340e+00
1.681405766608353947e+00
1.681461915959777675e+00
1.681385463717786521e+00
1.681505017005282543e+00
1.681630923527939858e+00
1.681585261202522608e+00
1.681509300037495880e+00
1.681517758997795209e+00
1.681650302496430216e+00
1.681645302535331954e+00
1.681535579184497919e+00
1.681562802676909163e+00
1.681389543704904010e+00
1.681673088867870147e+00
1.681629977447011370e+00
1.681421926008645595e+00
1.681403972256761525e+00
1.681431894713775188e+00
1.681474456815994278e+00
1.681233785616533805e+00
1.681489332488732780e+00
1.681409010406625937e+00
1.681494096438404418e+00
1.681543512724838374e+00
1.681225558760404581e+00
1.681742179573468832e+00
1.681752994778414445e+00
1.681666597579133615e+00
1.681451078044270409e+00
1.681486069579677833e+00
1.681442878889394699e+00
1.681366834481931027e+00
1.681478134458075591e+00
1.681474682288421008e+00
1.681425299519532013e+00
1.681487533104769616e+00
1.681662286058078992e+00
