-1.967107301900997030e+00
-1.967107301900997030e+00
-1.967107301900997030e+00
-1.967107301900997030e+00
-1.967107301900997030e+00
-1.967107301900997030e+00
-1.967107301900997030e+00
-1.967107301900997030e+00
-1.967107301900997030e+00
-1.967107301900997030e+00
-1.967107301900997030e+00
-1.967107301900997030e+00
-1.967107301900997030e+00
-1.967107301900997030e+00
-1.967107301900997030e+00
-1.967107301900997030e+00
-1.967107301900997030e+00
-1.967107301900997030e+00
-1.967107301900997030e+00
-1.967107301900997030e+00
-1.967107301900997030e+00
-1.967107301900997030e+00
-1.967107301900997030e+00
-1.967107301900997030e+00
-1.967107301900997030e+00
-1.967107301900997030e+00
-1.967107301900997030e+00
-1.967107301900997030e+00
-1.967107301900997030e+00
-1.967107301900997030e+00
-1.967107301900997030e+00
-1.967107301900997030e+00
-1.967107301900997030e+00
-1.967107301900997030e+00
-1.967107301900997030e+00
-1.967107301900997030e+00
-1.967107301900997030e+00
-1.967107301900997030e+00
-1.967107301900997030e+00
-1.967107301900997030e+00
-1.967107301900997030e+00
-1.967107301900997030e+00
-1.967107301900997030e+00
-1.967107301900997030e+00
-1.967107301900997030e+00
-1.967107301900997030e+00
-1.967107301900997030e+00
-1.967107301900997030e+00
-1.967107301900997030e+00
-1.967107301900997030e+00
-1.967107301900997030e+00
-1.967107301900997030e+00
-1.967107301900997030e+00
-1.967107301900997030e+00
-1.967107301900997030e+00
-1.967107301900997030e+00
-1.967107301900997030e+00
-1.967107301900997030e+00
-1.967107301900997030e+00
-1.967107301900997030e+00
-1.967107301900997030e+00
-1.967107301900997030e+00
-1.967107301900997030e+00
-1.967107301900997030e+00
-1.967107301900997030e+00
-1.967107301900997030e+00
-1.967107301900997030e+00
-1.967107301900997030e+00
-1.967107301900997030e+00
-1.967107301900997030e+00
-1.967107301900997030e+00
-1.967107301900997030e+00
-1.967107301900997030e+00
-1.967107301900997030e+00
-1.967107301900997030e+00
-1.967107301900997030e+00
-1.967107301900997030e+00
-1.967107301900997030e+00
-1.967107301900997030e+00
-1.967107301900997030e+00
-1.967107301900997030e+00
-1.735426921188480076e+00
-1.739716436035017688e+00
-1.671150887895593407e+00
-1.635771361583981065e+00
-1.638765470980927397e+00
-1.566533628563052671e+00
-1.634262975931320749e+00
-1.713512677826863229e+00
-1.708511504856915275e+00
-1.582301977837417439e+00
-1.497478180021521998e+00
-1.438732837197780556e+00
-1.502530226199421559e+00
-1.573047528414321494e+00
-1.545637854791585664e+00
-1.521251800554161981e+00
-1.558974258446689687e+00
-1.547375034861397491e+00
-1.502265976849440854e+00
-1.462733817036250716e+00
-1.408779561409188474e+00
-1.350491133457942139e+00
-1.382962493573215434e+00
-1.517804511182608174e+00
-1.651162510716322807e+00
-1.641225021640517756e+00
-1.665341286827584533e+00
-1.671266493728323921e+00
-1.668636781359384758e+00
-1.692144468813080893e+00
-1.683478929891241815e+00
-1.689976036906213785e+00
-1.690714619272454033e+00
-1.690899716601282021e+00
-1.691094296719216405e+00
-1.690780707234524005e+00
-1.691052855100843910e+00
-1.693238637846427697e+00
-1.692774483477504921e+00
-1.692685162746286220e+00
-1.691102100425009080e+00
-1.691687479481540191e+00
-1.694017199460582601e+00
-1.690867338883181414e+00
-1.690910126151098147e+00
-1.690028819168657437e+00
-1.689006179858178580e+00
-1.690599706130872626e+00
-1.691367525974977415e+00
-1.690670988579161538e+00
-1.690917799454779047e+00
-1.690405033024757975e+00
-1.690684174592117062e+00
-1.690460412013634839e+00
-1.690283896409699338e+00
-1.690353162177872237e+00
-1.690190316568971340e+00
-1.691820946679753135e+00
-1.693367292259957413e+00
-1.693259607760172258e+00
-1.694084827317101638e+00
-1.693428822553557422e+00
-1.693372044810726340e+00
-1.692960536738371324e+00
-1.694173547646731226e+00
-1.693445855349584139e+00
-1.693513166014826155e+00
-1.693225145327114767e+00
-1.693691932678383916e+00
-1.693610858456411794e+00
-1.693633905897313330e+00
-1.693295595730901049e+00
-1.693338192887527960e+00
-1.693746818924346975e+00
-1.693132743389847761e+00
-1.693137362574242744e+00
-1.693467810580242983e+00
-1.693880026333300037e+00
-1.693076826970536519e+00
-1.693665054448255436e+00
-1.693965998733725886e+00
-1.692574914047384915e+00
-1.692832713265827183e+00
-1.692649058653258543e+00
-1.692920768464558634e+00
-1.693170502409946820e+00
-1.693333486926748233e+00
-1.692264561971648540e+00
-1.692936157943001341e+00
-1.693407052096837173e+00
-1.693502983225482428e+00
-1.692733663235297392e+00
-1.693581006649430787e+00
-1.693328338915157216e+00
-1.693326674058565962e+00
-1.693389978257139994e+00
-1.692959273675102239e+00
-1.693882205496797244e+00
-1.693054521311566862e+00
-1.692690302887138731e+00
-1.693737529802264996e+00
-1.693580181225214698e+00
-1.693922564185044388e+00
-1.693528376445987416e+00
-1.693196506625930020e+00
-1.693406070791181994e+00
-1.693438729971316503e+00
-1.693780016246148268e+00
-1.693387435745389524e+00
-1.694346652829533006e+00
-1.693802844331368629e+00
-1.693423050553235498e+00
-1.693571799337933115e+00
-1.692651793331607202e+00
-1.693667667318063064e+00
-1.692408679739550115e+00
-1.692932904934081551e+00
-1.692910095051444852e+00
-1.693257984838611119e+00
-1.692494851196542083e+00
-1.693659124885719569e+00
-1.693000665377510039e+00
-1.692649545776640618e+00
-1.693402618695622142e+00
-1.693830244235523530e+00
-1.693567634656678145e+00
-1.693403754374307901e+00
-1.663555289897892031e+00
-1.601822414775321501e+00
-1.209295395597806522e+00
-7.214296474575241369e-01
-1.967371847907323223e-01
2.511383584947455283e-01
7.373799789528553417e-01
1.233736893817676039e+00
1.693994107301505680e+00
2.151666292631403632e+00
2.633332834333799166e+00
3.087160863074172923e+00
-2.708655619417736915e+00
-2.231374877433669468e+00
-1.781684233648748616e+00
-1.321721727793378154e+00
-8.538054184350514220e-01
-4.114766202399580131e-01
3.776877543711698593e-02
5.133920376401759356e-01
1.009299527308475497e+00
1.468256661680316100e+00
1.957170187830984176e+00
2.405979951361745250e+00
2.834414262689514352e+00
-2.989581582266988224e+00
-2.481778375216927124e+00
-2.004078408964799163e+00
-1.504600552963773596e+00
-1.049314321790861593e+00
-6.173146352341356558e-01
-1.957508122940321282e-01
3.059007410750549383e-01
7.768457393349117446e-01
1.256967538969776088e+00
1.738404465895444950e+00
2.190798331305532365e+00
2.639505947977640155e+00
3.125563624923813233e+00
-2.700819262425582679e+00
-2.197391404927635072e+00
-1.748637164429254653e+00
-1.295083102787705220e+00
-8.215203019537886675e-01
-3.853007544590014710e-01
1.050798258089171711e-01
5.880180751080454904e-01
1.061572593989388746e+00
1.551708649877987511e+00
2.003340687830254652e+00
2.482048529434061734e+00
2.912475180833661970e+00
-2.924507838907355328e+00
-2.462911882981802858e+00
-1.958257789248051495e+00
-1.498630652034992350e+00
-1.031788986193577395e+00
-5.903272307175506661e-01
-1.244921185491163484e-01
3.453381272609489239e-01
8.461185125150381126e-01
1.306733425736659626e+00
1.760556513490414421e+00
2.243393687463275832e+00
2.690210743644599667e+00
3.137489391439039821e+00
-2.638638057960730698e+00
-2.167955689495139282e+00
-1.724550222460297988e+00
-1.226990561994274032e+00
-7.877365034797416676e-01
-3.545150202343281265e-01
1.250644703854217887e-01
6.008978662904964629e-01
1.114803141428398092e+00
1.564587830742216745e+00
2.031495221565941200e+00
2.520355245062097183e+00
2.956011529661904280e+00
-2.884665610644854716e+00
-2.374370099691489600e+00
-1.908309974112265994e+00
-1.457907259196118854e+00
-9.640019036590377066e-01
-5.357892412889907474e-01
-9.568920224625110382e-02
4.269747999699123331e-01
8.828335325976276460e-01
1.379103360415218305e+00
1.796951059588445698e+00
2.287405864042403092e+00
2.761084455259107617e+00
-3.073883377841737818e+00
-2.610586874856493544e+00
-2.099003896151605986e+00
-1.644375247618283353e+00
-1.171193973626985851e+00
-8.824322348633322211e-01
-1.656756926173765798e-01
3.788689715640649602e-01
6.898702438981842988e-01
1.152646496883009242e+00
1.601292134727382077e+00
2.095563449368295750e+00
2.547210018121679020e+00
2.992945391621484319e+00
-2.803883602672232023e+00
-2.320521824692248547e+00
-1.864158598378183651e+00
-1.367568965823045213e+00
-9.161445515857717936e-01
-4.864382914270100056e-01
-6.103696176195216871e-03
4.597133555686719331e-01
9.477784305547767296e-01
1.395391341300773247e+00
1.867314098501805075e+00
2.357711501635394225e+00
2.795425857202402220e+00
-3.036430171531287581e+00
-2.540097963459567509e+00
-2.068982633044656794e+00
-1.571032800052988065e+00
-1.098538037396709743e+00
-6.604111885569401430e-01
-2.286193781601366659e-01
2.567924231260612089e-01
7.291176095177109850e-01
1.231512018294472322e+00
1.672425654334013245e+00
2.127901732449025474e+00
2.606043905917885706e+00
3.048949932288195441e+00
-2.746254829358450333e+00
-2.263841690783990224e+00
-1.788358500890376845e+00
-1.325927297835482133e+00
-8.413574957821041700e-01
-4.049615490562205045e-01
2.816835838988751561e-02
5.444417137604302681e-01
1.001134500700628482e+00
1.428491619728929019e+00
1.962701447407031008e+00
2.415599910816855989e+00
2.846386742129594083e+00
-2.952573988053861953e+00
-2.490268778297872743e+00
-2.025712744032688306e+00
-1.529728648426168292e+00
-1.062680131067429423e+00
-5.863272996352635325e-01
-1.562097402557416359e-01
3.078359719682026707e-01
8.071835920056593672e-01
1.281226757976286157e+00
1.725796445948947877e+00
2.225510461556408970e+00
2.663115022637311480e+00
3.098404560593702062e+00
-2.694375045959318538e+00
-2.221343702957379040e+00
-1.714412594852363858e+00
-1.243607783714405501e+00
-8.082894183342967942e-01
-3.480481821624250571e-01
8.987114606084412038e-02
5.689674714734034300e-01
1.067469309001600752e+00
1.532397569466039666e+00
2.065967465604415132e+00
2.488738449725387714e+00
2.921574656415367066e+00
-2.905441703990956803e+00
-2.397830690327243275e+00
-1.935268614447728019e+00
-1.473428433983771768e+00
-9.722675901514297170e-01
-5.305693645132021352e-01
-1.238294427624460070e-01
3.963950539518572569e-01
8.588828841169382500e-01
1.322591268490512117e+00
1.783712917077885152e+00
2.282325597250864035e+00
2.712248975018890285e+00
-3.099910890319666379e+00
-2.649379733815004023e+00
-2.181129236808302174e+00
-1.676265125656916988e+00
-1.200467373281328465e+00
-7.585103191866903183e-01
-2.749498980575081353e-01
1.653183147622429017e-01
6.352253059823957937e-01
1.133174383851304423e+00
1.580943780073120086e+00
2.036945647817606897e+00
2.526277665347569812e+00
2.958617732237231124e+00
-2.844423070623033123e+00
-2.360685946842125738e+00
-1.898004736389996339e+00
-1.403343156477863118e+00
-9.386710928159749390e-01
-4.905267237284802739e-01
-4.131982349937679544e-02
4.232378652611950010e-01
8.710572131013711861e-01
1.373177644647043616e+00
1.836653956917273511e+00
2.339320984061210140e+00
2.778437919327515715e+00
-3.068697228543037614e+00
-2.614979445330850805e+00
-2.110870122576699703e+00
-1.660347240140192193e+00
-1.195750135051077745e+00
-7.174751099060971971e-01
-2.533735329002956282e-01
1.441850493344382089e-01
6.571219966615298169e-01
1.112726845186815749e+00
1.593807694349188120e+00
2.046012744998646049e+00
2.500364115350240279e+00
2.971796776284365116e+00
-2.874390429207736908e+00
-2.407310904529642137e+00
-1.934392386135756148e+00
-1.427512550276057723e+00
-9.609673252237729280e-01
-4.947208021042697190e-01
-8.446508535612151647e-02
3.802651876708318390e-01
8.377174744220310387e-01
1.356976902829422071e+00
1.808803401665570298e+00
2.262005937466302186e+00
2.742095468999589336e+00
-3.101154959246811504e+00
-2.617664068657062693e+00
-2.157482660737887414e+00
-1.704962599878683926e+00
-1.242140863479183288e+00
-7.275280415949783031e-01
-2.910383817763797509e-01
1.303148294493664539e-01
6.172010168302632938e-01
1.083747922937298380e+00
1.577346931353749593e+00
2.038356625547205425e+00
2.531556446036942631e+00
2.930593897427156591e+00
-2.885828305221643575e+00
-2.413787297035991486e+00
-1.916754280423333512e+00
-1.459734849990731220e+00
-9.933128565261015730e-01
-5.267234972834966555e-01
-1.227842781637922265e-01
3.235722804699641131e-01
8.235513861042211836e-01
1.306449010125205312e+00
1.791756904203310796e+00
2.256065019267346372e+00
2.695771114551288150e+00
-3.108581642155656688e+00
-2.663395350653397831e+00
-2.191504532149497475e+00
-1.696809538704589393e+00
-1.239162963094713854e+00
-7.972197201101955955e-01
-3.191396499556949928e-01
1.107993000976486009e-01
6.091596749500390873e-01
1.069335613694674114e+00
1.534922273018563876e+00
2.000202044213250208e+00
2.487291838228742336e+00
2.923183365792398014e+00
-2.900539449831289751e+00
-2.433623276800749302e+00
-1.967653623898621973e+00
-1.485370190162615955e+00
-1.022048269159115508e+00
-5.788443698038396867e-01
-1.470659692201388147e-01
3.357281501232569632e-01
8.348289374132122909e-01
1.275271153160931314e+00
1.728581722045506197e+00
2.247532827503776254e+00
2.694059292086571133e+00
3.140273117737551800e+00
-2.711438964056988254e+00
-2.188536702198712991e+00
-1.745483710824610624e+00
-1.290084766399429927e+00
-8.404779885510929027e-01
-3.542718629666360419e-01
7.691475586497886763e-02
5.284312673624479428e-01
1.026248914941674251e+00
1.476537709926450725e+00
1.984057054310909729e+00
2.449722893664755485e+00
2.933121667345842454e+00
-2.911119850845022672e+00
-2.446869425245961516e+00
-1.997380885394468564e+00
-1.514621505556003278e+00
-1.046158970247742959e+00
-6.072279951790569008e-01
-1.298302694942807811e-01
3.147297959327914896e-01
8.131085074585864270e-01
1.286427085290327010e+00
1.733031573723372354e+00
2.190786968916685673e+00
2.686859151932558198e+00
3.126886344330944034e+00
-2.679473746727662586e+00
-2.252484210331696879e+00
-1.770624129954565973e+00
-1.310378439044264987e+00
-8.503165187807184555e-01
-3.677174753392616902e-01
6.350508452076397692e-02
5.114813971300857798e-01
1.004811826520404905e+00
1.538463150055290551e+00
1.918585186181160918e+00
2.419289347588561068e+00
2.867714772550706837e+00
-2.964401117708173938e+00
-2.471788808202638243e+00
-2.025042338402401221e+00
-1.588099700069490972e+00
-1.081845660123481156e+00
-6.434691544143862352e-01
-1.606043988456842264e-01
2.762794188481478841e-01
7.637242395054322230e-01
1.238329144617340338e+00
1.691418336055571459e+00
2.198578741964759331e+00
2.685874529686008039e+00
3.139679281960272128e+00
-2.665395265898443888e+00
-2.243364177661910208e+00
-1.766815086294988291e+00
-1.297820545238041356e+00
-8.492979954553075972e-01
-3.949069491182533032e-01
8.438056224340095834e-02
5.225475277205380298e-01
1.006250264643536063e+00
1.464075590086531875e+00
1.912981520377205369e+00
2.369949325201521351e+00
2.865573171372860273e+00
-2.977448858321543490e+00
-2.513658268424315168e+00
-2.020795719914933564e+00
-1.578707636495033206e+00
-1.102858735285418446e+00
-6.588447351970359023e-01
-1.795649642497889609e-01
2.954475646663650146e-01
7.417324717201281281e-01
1.215019804117028812e+00
1.659853524248582346e+00
2.174000387767407005e+00
2.626845698257685768e+00
3.111988383701122629e+00
-2.732194556064377444e+00
-2.270306082486232668e+00
-1.794113241222308197e+00
-1.332762801687179532e+00
-8.429471309286453717e-01
-3.858281254598694421e-01
6.000454821907885705e-02
5.348920702559922802e-01
9.813192375800839917e-01
1.448689000445125385e+00
1.931992092279695594e+00
2.420481109429609479e+00
2.859526752918822190e+00
-2.978059434987009979e+00
-2.488841147989057756e+00
-2.041643380290153686e+00
