2.048260226980792575e-01
2.048260226980792575e-01
2.048260226980792575e-01
2.048260226980792575e-01
2.048260226980792575e-01
2.048260226980792575e-01
2.048260226980792575e-01
2.048260226980792575e-01
2.048260226980792575e-01
2.048260226980792575e-01
2.048260226980792575e-01
2.048260226980792575e-01
2.048260226980792575e-01
2.048260226980792575e-01
2.048260226980792575e-01
2.048260226980792575e-01
2.048260226980792575e-01
2.048260226980792575e-01
2.048260226980792575e-01
2.048260226980792575e-01
2.048260226980792575e-01
2.048260226980792575e-01
2.048260226980792575e-01
2.048260226980792575e-01
2.048260226980792575e-01
2.048260226980792575e-01
2.048260226980792575e-01
2.048260226980792575e-01
2.048260226980792575e-01
2.048260226980792575e-01
2.048260226980792575e-01
2.048260226980792575e-01
2.048260226980792575e-01
2.048260226980792575e-01
2.048260226980792575e-01
2.048260226980792575e-01
2.048260226980792575e-01
2.048260226980792575e-01
2.048260226980792575e-01
2.048260226980792575e-01
2.048260226980792575e-01
2.048260226980792575e-01
2.048260226980792575e-01
2.048260226980792575e-01
2.048260226980792575e-01
2.048260226980792575e-01
2.048260226980792575e-01
2.048260226980792575e-01
2.048260226980792575e-01
2.048260226980792575e-01
2.048260226980792575e-01
2.048260226980792575e-01
2.048260226980792575e-01
2.048260226980792575e-01
2.048260226980792575e-01
2.048260226980792575e-01
2.048260226980792575e-01
2.048260226980792575e-01
2.048260226980792575e-01
2.048260226980792575e-01
2.048260226980792575e-01
2.048260226980792575e-01
-3.004514375829053563e+00
-3.002970785007684995e+00
-2.981493932191717544e+00
-2.990514889561236789e+00
-2.990507570819107563e+00
-2.989656534312318925e+00
-2.998387693700693468e+00
-3.006891391692052107e+00
-2.997689377677272837e+00
-2.997678779523440085e+00
-2.990118329211715054e+00
-2.992194698446222656e+00
-2.982165961893183059e+00
-3.010204886498991872e+00
-3.004134560400717469e+00
-3.007906030171953127e+00
-3.003448177209120828e+00
3.109536569011010165e+00
2.857005616604013198e+00
2.967328612282494227e+00
2.906973153036361168e+00
3.011897417345714256e+00
3.054527086733870966e+00
-3.110609085906097970e+00
-3.050723747826033616e+00
-3.050723747826033616e+00
-3.050723747826033616e+00
-3.050723747826033616e+00
-3.050723747826033616e+00
-3.050723747826033616e+00
-3.050723747826033616e+00
-3.050723747826033616e+00
-3.050723747826033616e+00
