-1.599492351133153578e+00
-1.599492351133153578e+00
-1.599492351133153578e+00
-1.599492351133153578e+00
-1.599492351133153578e+00
-1.599492351133153578e+00
-1.599492351133153578e+00
-1.599492351133153578e+00
-1.599492351133153578e+00
-1.599492351133153578e+00
-1.599492351133153578e+00
-1.599492351133153578e+00
-1.599492351133153578e+00
-1.599492351133153578e+00
-1.599492351133153578e+00
-1.599492351133153578e+00
-1.599492351133153578e+00
-1.599492351133153578e+00
-1.599492351133153578e+00
-1.599492351133153578e+00
-1.599492351133153578e+00
-1.599492351133153578e+00
-1.599492351133153578e+00
-1.599492351133153578e+00
-1.599492351133153578e+00
-1.599492351133153578e+00
-1.599492351133153578e+00
-1.599492351133153578e+00
-1.599492351133153578e+00
-1.599492351133153578e+00
-1.599492351133153578e+00
-1.599492351133153578e+00
-1.599492351133153578e+00
-1.599492351133153578e+00
-1.599492351133153578e+00
-1.599492351133153578e+00
-1.599492351133153578e+00
-1.599492351133153578e+00
-1.599492351133153578e+00
-1.599492351133153578e+00
-1.599492351133153578e+00
-1.599492351133153578e+00
-1.599492351133153578e+00
-1.599492351133153578e+00
-1.599492351133153578e+00
-1.599492351133153578e+00
-1.599492351133153578e+00
-1.599492351133153578e+00
-1.599492351133153578e+00
-1.599492351133153578e+00
-1.599492351133153578e+00
-1.599492351133153578e+00
-1.599492351133153578e+00
-1.599492351133153578e+00
-1.599492351133153578e+00
-1.599492351133153578e+00
-1.599492351133153578e+00
-1.599492351133153578e+00
-1.599492351133153578e+00
-1.599492351133153578e+00
-1.599492351133153578e+00
-1.599492351133153578e+00
-1.599492351133153578e+00
-1.599492351133153578e+00
-1.599492351133153578e+00
-1.599492351133153578e+00
-1.599492351133153578e+00
-1.599492351133153578e+00
-1.248704885167557066e+00
-1.259664146699034815e+00
-1.402536598319963801e+00
-1.402536598319963801e+00
-1.402536598319963801e+00
-1.402536598319963801e+00
-1.402536598319963801e+00
2.036505966697767178e+00
2.043985500040946590e+00
2.053049631599214386e+00
2.080506127729227828e+00
2.083561631990646035e+00
2.085880507079317603e+00
2.073207780930641064e+00
2.076455290581634472e+00
2.072838321173480658e+00
2.082540737432571731e+00
2.092213846169486580e+00
2.079718233747215095e+00
2.079945180295985629e+00
2.078572380575511858e+00
2.087828375765136357e+00
2.092622074684786782e+00
2.100934290175972663e+00
2.070615201574026898e+00
2.075332552981137724e+00
2.096385970708345425e+00
2.064797840428167497e+00
2.080820524313571340e+00
2.074376646247280576e+00
2.113221809518063488e+00
2.125487985679159308e+00
2.124012599614635732e+00
2.131031943476245694e+00
2.080493138945358034e+00
2.108889712220867629e+00
2.075354174143498653e+00
2.075354174143498653e+00
2.263071083077857537e+00
2.168047920982234089e+00
2.087972248230503425e+00
2.166069946152440640e+00
2.128992077387017900e+00
2.101814796291403553e+00
2.104325637831741869e+00
2.046607333056372546e+00
2.094862989506983464e+00
2.157343293680168639e+00
2.015451025721724410e+00
1.750636352176593524e+00
1.988594673154785220e+00
2.069904231899836411e+00
