-1.311164759400930135e+00
-1.311164759400930135e+00
-1.311164759400930135e+00
-1.311164759400930135e+00
-1.311164759400930135e+00
-1.311164759400930135e+00
-1.311164759400930135e+00
-1.311164759400930135e+00
-1.311164759400930135e+00
-1.311164759400930135e+00
-1.311164759400930135e+00
-1.311164759400930135e+00
-1.311164759400930135e+00
-1.311164759400930135e+00
-1.311164759400930135e+00
-1.311164759400930135e+00
-1.311164759400930135e+00
-1.311164759400930135e+00
-1.311164759400930135e+00
-1.311164759400930135e+00
-1.311164759400930135e+00
-1.311164759400930135e+00
-1.311164759400930135e+00
-1.311164759400930135e+00
-1.311164759400930135e+00
-1.311164759400930135e+00
-1.311164759400930135e+00
-1.311164759400930135e+00
-1.311164759400930135e+00
-1.311164759400930135e+00
-1.311164759400930135e+00
-1.311164759400930135e+00
-1.311164759400930135e+00
-1.311164759400930135e+00
-1.311164759400930135e+00
-1.311164759400930135e+00
-1.311164759400930135e+00
-1.311164759400930135e+00
-1.311164759400930135e+00
-1.311164759400930135e+00
-1.311164759400930135e+00
-1.311164759400930135e+00
-1.311164759400930135e+00
-1.311164759400930135e+00
-1.311164759400930135e+00
-1.311164759400930135e+00
-1.311164759400930135e+00
-1.311164759400930135e+00
-1.311164759400930135e+00
-1.311164759400930135e+00
-1.311164759400930135e+00
-1.311164759400930135e+00
-1.311164759400930135e+00
-1.311164759400930135e+00
-1.311164759400930135e+00
-1.311164759400930135e+00
-1.311164759400930135e+00
-1.311164759400930135e+00
-1.311164759400930135e+00
-1.311164759400930135e+00
-1.311164759400930135e+00
-1.311164759400930135e+00
-1.311164759400930135e+00
-1.311164759400930135e+00
-1.311164759400930135e+00
-1.311164759400930135e+00
-1.311164759400930135e+00
-1.311164759400930135e+00
-1.311164759400930135e+00
-1.311164759400930135e+00
-1.311164759400930135e+00
-1.311164759400930135e+00
-1.311164759400930135e+00
-1.311164759400930135e+00
-1.311164759400930135e+00
-1.311164759400930135e+00
-1.311164759400930135e+00
-1.311164759400930135e+00
-1.311164759400930135e+00
-1.311164759400930135e+00
-1.311164759400930135e+00
-1.311164759400930135e+00
-1.311164759400930135e+00
-1.311164759400930135e+00
-1.311164759400930135e+00
-1.311164759400930135e+00
-1.311164759400930135e+00
-1.311164759400930135e+00
-1.311164759400930135e+00
-1.311164759400930135e+00
-1.311164759400930135e+00
-1.311164759400930135e+00
-1.311164759400930135e+00
-1.311164759400930135e+00
-1.311164759400930135e+00
-1.311164759400930135e+00
-1.311164759400930135e+00
-1.311164759400930135e+00
-1.311164759400930135e+00
-1.311164759400930135e+00
-1.311164759400930135e+00
-1.311164759400930135e+00
-1.311164759400930135e+00
-1.311164759400930135e+00
-1.311164759400930135e+00
-1.311164759400930135e+00
-1.311164759400930135e+00
-1.311164759400930135e+00
-1.311164759400930135e+00
-1.311164759400930135e+00
-1.311164759400930135e+00
-1.311164759400930135e+00
-1.311164759400930135e+00
-1.311164759400930135e+00
-1.311164759400930135e+00
-1.311164759400930135e+00
-1.311164759400930135e+00
-1.311164759400930135e+00
-1.311164759400930135e+00
-1.311164759400930135e+00
-1.311164759400930135e+00
-1.311164759400930135e+00
-1.311164759400930135e+00
-1.311164759400930135e+00
-1.311164759400930135e+00
-1.311164759400930135e+00
-1.311164759400930135e+00
-1.311164759400930135e+00
-1.311164759400930135e+00
-1.311164759400930135e+00
-1.311164759400930135e+00
1.513806068837538765e+00
1.513806068837538765e+00
1.513806068837538765e+00
1.513806068837538765e+00
1.513806068837538765e+00
1.513806068837538765e+00
1.513806068837538765e+00
1.513806068837538765e+00
-1.962923249942446047e+00
2.282351986255816811e+00
1.941811496562198869e+00
1.805315997138710493e+00
1.805315997138710493e+00
1.805315997138710493e+00
1.805315997138710493e+00
1.805315997138710493e+00
1.805315997138710493e+00
1.805315997138710493e+00
1.805315997138710493e+00
1.805315997138710493e+00
1.805315997138710493e+00
1.805315997138710493e+00
1.805315997138710493e+00
1.805315997138710493e+00
1.805315997138710493e+00
1.805315997138710493e+00
1.805315997138710493e+00
7.035656493154447411e-01
9.594440375879424998e-01
8.285017100766118858e-01
7.681539334906286598e-01
7.681539334906286598e-01
7.681539334906286598e-01
7.681539334906286598e-01
7.681539334906286598e-01
7.681539334906286598e-01
7.681539334906286598e-01
7.681539334906286598e-01
7.681539334906286598e-01
7.681539334906286598e-01
7.681539334906286598e-01
7.681539334906286598e-01
7.681539334906286598e-01
7.681539334906286598e-01
7.681539334906286598e-01
7.681539334906286598e-01
7.681539334906286598e-01
7.681539334906286598e-01
7.681539334906286598e-01
-2.298256024045354451e+00
-1.789777007746856441e+00
-1.789777007746856441e+00
-1.789777007746856441e+00
-1.789777007746856441e+00
-1.789777007746856441e+00
-1.789777007746856441e+00
-1.789777007746856441e+00
-1.789777007746856441e+00
-1.789777007746856441e+00
-1.789777007746856441e+00
-1.789777007746856441e+00
-1.789777007746856441e+00
-1.789777007746856441e+00
-1.789777007746856441e+00
-1.789777007746856441e+00
-1.789777007746856441e+00
-1.789777007746856441e+00
-1.789777007746856441e+00
-1.789777007746856441e+00
-1.789777007746856441e+00
-1.789777007746856441e+00
-1.789777007746856441e+00
-1.789777007746856441e+00
-1.789777007746856441e+00
-2.833769209644166676e+00
-2.833769209644166676e+00
-2.833769209644166676e+00
-2.833769209644166676e+00
-2.833769209644166676e+00
-2.833769209644166676e+00
-2.833769209644166676e+00
-2.833769209644166676e+00
-2.833769209644166676e+00
-2.833769209644166676e+00
1.459736595803512227e+00
1.325268081821229682e+00
1.332101923488816730e+00
1.354785898953917433e+00
1.460478411441099578e+00
1.763756486971086002e+00
1.950374553441592385e+00
2.003776922405387406e+00
1.994302133978190561e+00
1.790430294225893837e+00
1.491271043897194559e+00
1.315814929289407686e+00
1.286960084469395360e+00
1.286849515913587094e+00
1.292203430759009120e+00
1.295845420528053626e+00
1.296402135811226319e+00
1.305475973119702315e+00
1.309603499657949977e+00
1.308387021007769491e+00
1.316210892599811277e+00
1.331249601541033112e+00
1.335618003566691803e+00
1.343182670552124369e+00
1.355253400432725241e+00
1.358900202161995141e+00
1.360789429814516671e+00
1.369929566279384003e+00
1.366400651860008031e+00
1.357510989063012152e+00
1.361721512541683943e+00
1.362443870511722332e+00
1.364503479710545975e+00
1.370624236767499671e+00
1.382644265264351358e+00
1.395794828813874178e+00
1.400945668781085951e+00
1.492680754299937407e+00
1.553114895676148466e+00
1.570746153375647935e+00
1.583739727663358909e+00
1.581800560100758979e+00
1.702950210860981750e+00
2.099317748890837887e+00
2.299649789714841575e+00
2.289203856832674244e+00
2.273196010146836255e+00
2.270639135290144051e+00
2.281941948892916461e+00
2.285091792705885805e+00
2.073583780390588327e+00
1.674956546332585505e+00
1.427203198670182083e+00
1.504193542234027126e+00
1.504193542234027126e+00
1.504193542234027126e+00
1.504193542234027126e+00
1.504193542234027126e+00
2.608162376683851313e+00
2.896328625597687445e+00
-3.032482409860208339e+00
-2.831476147331519755e+00
-2.856807456674390622e+00
-2.769905266536127897e+00
-2.572500727092172035e+00
-2.211976670337636897e+00
-1.850887991864215820e+00
-1.411616699154597532e+00
-9.226744849777324120e-01
-5.193682804812258524e-01
-4.439551311559584157e-01
-6.721318680319758876e-01
-1.062054760689884692e+00
-1.286814483726772762e+00
-1.354151257737807201e+00
-1.353713581636358354e+00
-1.306415097066648157e+00
-1.237407834378444482e+00
-9.033375956613727276e-01
-5.074877713197194495e-01
-2.024611885496736541e-01
-1.119188308361791506e-01
-2.092396138727834476e-01
-6.187531510451154126e-01
-1.012102411972902294e+00
-1.388620957884436180e+00
-1.565976136268558250e+00
-1.611861546345625396e+00
-1.610246547188569410e+00
-1.616853167226318888e+00
-1.562006968130375206e+00
-1.339751096260296315e+00
-1.040056606070477230e+00
-9.730966747393590133e-01
-9.864977168941946317e-01
-9.822721585853373405e-01
-1.099431305625684585e+00
-1.413026743800988916e+00
-1.676532467501624879e+00
-1.729730323727448393e+00
-1.715182728157419234e+00
-1.715008885349417866e+00
-1.695467210295388050e+00
-1.449351921962556355e+00
-1.222018805157544019e+00
-1.171150068648634912e+00
-1.165882759380558076e+00
-1.158112369457872992e+00
-1.213892782284342609e+00
-1.526133164777309759e+00
-1.897124910982577184e+00
-2.308814590948133905e+00
-2.469256256364937840e+00
-2.498756078210639053e+00
-2.238888643703027093e+00
-1.914357279014406998e+00
-1.614991274555992895e+00
-1.484373431548669187e+00
-1.475518713963014594e+00
-1.486027905384163850e+00
-1.633236028553572972e+00
-1.994269099539495826e+00
-2.206443063370869595e+00
-2.291727991210012139e+00
-2.226668708079164283e+00
-1.827691353424997445e+00
-1.446869309915023605e+00
-1.344578404084328493e+00
-1.387523748896627884e+00
-1.320487108215335548e+00
-8.852547522912994626e-01
-4.753429550680339233e-01
-3.833785930072726167e-01
-4.911741230057948826e-01
-6.753874611141745810e-01
-1.168654041306016245e+00
-1.494646061119645264e+00
-1.573387343395055815e+00
-1.616796729499378582e+00
-1.525424035807704470e+00
-1.231092383260254941e+00
-8.642558873696095656e-01
-7.501353989130437050e-01
-5.848083229286391571e-01
-1.966223231225328050e-01
1.260573228560999404e-01
2.036181916845993811e-01
1.760881938353677789e-01
-1.201549365767475841e-01
-4.790331736348214520e-01
-8.506757616707676384e-01
-1.200710348645354753e+00
-1.668874135330186137e+00
-2.062505303128286727e+00
-2.437878567994096191e+00
-2.768549546517980353e+00
-2.760610357185163011e+00
-2.479795184255604745e+00
-2.035673989187581689e+00
-1.657480737324555697e+00
-1.232012584757789853e+00
-8.460313860945460895e-01
-5.679661127311872448e-01
-4.992703528575646033e-01
-5.395925064826714301e-01
-5.351032939681084066e-01
-7.242491884162425286e-01
-1.041430283647483357e+00
-1.213560438371891426e+00
-1.213560438371891426e+00
-1.213560438371891426e+00
-1.213560438371891426e+00
-1.213560438371891426e+00
-1.213560438371891426e+00
-1.213560438371891426e+00
-1.213560438371891426e+00
-1.213560438371891426e+00
-1.213560438371891426e+00
-1.213560438371891426e+00
-1.213560438371891426e+00
-1.213560438371891426e+00
-1.213560438371891426e+00
-1.213560438371891426e+00
-1.213560438371891426e+00
-1.213560438371891426e+00
-1.213560438371891426e+00
-2.053528046909232962e+00
-1.699932480714785754e+00
-1.245246596844442832e+00
-8.306010700239558897e-01
-5.372511995533397755e-01
-6.179128298682101672e-02
3.053175667219174549e-01
7.474429425862385568e-01
1.150540984359506691e+00
1.401327982594138044e+00
-1.532451309561108532e+00
-1.820954359983025128e+00
-1.820954359983025128e+00
-1.820954359983025128e+00
-1.820954359983025128e+00
-2.290569630039055227e+00
-1.889578398104957202e+00
-1.564661493348298515e+00
-1.367167966087684761e+00
-1.367167966087684761e+00
9.553993338313744310e-01
6.338183305877276297e-02
4.430935590174922556e-01
8.867094363610064089e-01
1.282040742850594883e+00
1.565868408769744313e+00
1.312850093590790967e+00
1.312850093590790967e+00
1.312850093590790967e+00
1.312850093590790967e+00
1.312850093590790967e+00
2.599707745131038639e+00
2.717206645657142872e+00
-1.329704099678752582e+00
-9.373525688228956376e-01
-6.253283363085417879e-01
-1.775292260882501694e-01
1.980114222893041287e-01
6.313021359179318281e-01
9.084793994076643120e-01
9.084793994076643120e-01
9.084793994076643120e-01
9.084793994076643120e-01
9.084793994076643120e-01
9.084793994076643120e-01
9.084793994076643120e-01
9.084793994076643120e-01
9.084793994076643120e-01
1.528299382960946140e+00
1.299355460894141778e+00
1.299355460894141778e+00
1.299355460894141778e+00
1.299355460894141778e+00
1.299355460894141778e+00
1.299355460894141778e+00
1.299355460894141778e+00
1.299355460894141778e+00
1.299355460894141778e+00
1.299355460894141778e+00
1.299355460894141778e+00
1.299355460894141778e+00
1.299355460894141778e+00
1.299355460894141778e+00
1.299355460894141778e+00
1.299355460894141778e+00
1.299355460894141778e+00
1.299355460894141778e+00
1.299355460894141778e+00
1.299355460894141778e+00
1.299355460894141778e+00
1.299355460894141778e+00
1.299355460894141778e+00
1.299355460894141778e+00
1.299355460894141778e+00
1.299355460894141778e+00
1.299355460894141778e+00
1.299355460894141778e+00
1.299355460894141778e+00
1.299355460894141778e+00
2.822534831379488018e+00
-1.932303668933866847e-01
-1.932303668933866847e-01
-1.932303668933866847e-01
-1.932303668933866847e-01
-1.932303668933866847e-01
-1.932303668933866847e-01
-1.932303668933866847e-01
-1.932303668933866847e-01
-1.932303668933866847e-01
-1.932303668933866847e-01
-1.932303668933866847e-01
-1.932303668933866847e-01
-1.932303668933866847e-01
-1.932303668933866847e-01
-1.932303668933866847e-01
-1.932303668933866847e-01
-1.932303668933866847e-01
-1.932303668933866847e-01
-1.932303668933866847e-01
-1.932303668933866847e-01
-1.932303668933866847e-01
-1.932303668933866847e-01
-1.932303668933866847e-01
-1.932303668933866847e-01
-1.932303668933866847e-01
-1.932303668933866847e-01
-1.932303668933866847e-01
-1.383587317765768709e+00
-1.331807527587518525e+00
-1.314046426727912609e+00
-1.299826063214385874e+00
-1.279098717123818840e+00
-1.270522001942922863e+00
-1.473764496763912302e+00
-1.587912648977655827e+00
-1.593694610114703147e+00
-1.590063671981141624e+00
-1.598668774374826462e+00
-1.474153919536122626e+00
-1.461034663746368478e+00
-1.463187395420291859e+00
-1.454395918982962055e+00
-1.450902069967933139e+00
-1.430988907781865160e+00
-1.431923729671175094e+00
-1.444088023734546589e+00
-1.416794069766656339e+00
-1.404257817981766188e+00
-1.407833000996319361e+00
-1.400717719427771124e+00
-1.383238507826730412e+00
-1.380105111317050826e+00
-1.375959359134766080e+00
-1.376757164001232159e+00
-1.419955356952194547e+00
-1.412878020528850698e+00
-1.417237230108944424e+00
-1.556699939988472003e+00
-1.396896751185982888e+00
-1.118844922396358577e+00
-1.118844922396358577e+00
-1.118844922396358577e+00
-1.118844922396358577e+00
-1.118844922396358577e+00
-1.118844922396358577e+00
-1.118844922396358577e+00
-1.118844922396358577e+00
-1.118844922396358577e+00
-1.118844922396358577e+00
-1.118844922396358577e+00
-1.118844922396358577e+00
-1.118844922396358577e+00
-1.118844922396358577e+00
-1.118844922396358577e+00
-1.118844922396358577e+00
-1.118844922396358577e+00
-1.118844922396358577e+00
-1.118844922396358577e+00
-1.118844922396358577e+00
-1.118844922396358577e+00
-1.118844922396358577e+00
-1.118844922396358577e+00
-1.118844922396358577e+00
-1.118844922396358577e+00
-1.118844922396358577e+00
-1.118844922396358577e+00
-1.118844922396358577e+00
-1.118844922396358577e+00
-1.118844922396358577e+00
-1.118844922396358577e+00
-1.118844922396358577e+00
-1.118844922396358577e+00
-1.118844922396358577e+00
-1.118844922396358577e+00
-1.118844922396358577e+00
-1.118844922396358577e+00
-1.118844922396358577e+00
-1.118844922396358577e+00
-1.118844922396358577e+00
-1.118844922396358577e+00
-1.118844922396358577e+00
-1.118844922396358577e+00
-1.118844922396358577e+00
-1.118844922396358577e+00
-1.118844922396358577e+00
-1.118844922396358577e+00
-1.118844922396358577e+00
-1.118844922396358577e+00
-1.118844922396358577e+00
-1.118844922396358577e+00
-1.118844922396358577e+00
-1.118844922396358577e+00
-1.118844922396358577e+00
-1.118844922396358577e+00
-1.118844922396358577e+00
-1.118844922396358577e+00
-1.118844922396358577e+00
-1.118844922396358577e+00
-1.118844922396358577e+00
-1.118844922396358577e+00
