-7.414585693627204765e-01
-2.415168552594604279e-01
3.362431519591719820e-01
8.515826704283595561e-01
1.227237893747585185e+00
1.742748317373093769e+00
2.190980151341075377e+00
2.650600206160484529e+00
3.110406650463969136e+00
-2.721558322760645687e+00
-2.266264186376437451e+00
-1.789877421292327853e+00
-1.304480615341221839e+00
-8.447042026132360881e-01
-4.083644124622475280e-01
8.646824422041177183e-02
5.855825049374752123e-01
1.017241994842005504e+00
1.485692813012678526e+00
1.973853407667667259e+00
2.406046819625573097e+00
2.838250451714202427e+00
-2.985824216328984537e+00
-2.490587232421251684e+00
-2.034368496224544742e+00
-1.578442475832964931e+00
-1.087219721939731043e+00
-6.343939520188008885e-01
-1.515458209629745312e-01
3.141449216762159935e-01
7.744749386451692530e-01
1.265289545991407083e+00
1.708863934473640711e+00
2.198862740358006107e+00
2.627908837535474440e+00
3.078734060576258980e+00
-2.728689655807972958e+00
-2.229646740934089877e+00
-1.804113877910072050e+00
-1.305130892839481360e+00
-8.170891875468480059e-01
-3.735884990135062145e-01
9.271231326120665805e-02
5.914929823234800210e-01
1.036962050263713353e+00
1.499482431457149323e+00
1.994390028615420807e+00
2.426092824917297275e+00
2.894153943741414547e+00
-2.920354781374055797e+00
-2.412386708041841743e+00
-1.982969710946099084e+00
-1.524748396464714162e+00
-1.084523674519300096e+00
-6.198667170867873111e-01
-1.154040072508712989e-01
3.828624492740013707e-01
8.168266471459513234e-01
1.355861667737272791e+00
1.788416297005417377e+00
2.222316160308277944e+00
2.678330901363936256e+00
3.133210201622677715e+00
-2.695883315731887109e+00
-2.202622991370501992e+00
-1.751889215971755620e+00
-1.270362935242770108e+00
-7.822423875560117201e-01
-3.587418768459728069e-01
8.826889556887052013e-02
5.887124752763011060e-01
1.061472678518373680e+00
1.510810337250661162e+00
2.009125577359085923e+00
2.441547254445814108e+00
2.879962746427128018e+00
-2.894263568535793141e+00
-2.423138475487200516e+00
-1.914697695165173741e+00
-1.458535851340573508e+00
-7.518904316434986690e-01
-5.388024287988861794e-01
-5.591272048233397740e-02
3.983865086232731834e-01
8.708434344438864549e-01
1.341542854979062449e+00
1.830438381238162826e+00
2.276884269371049818e+00
2.713030329877185398e+00
-3.072642653541274971e+00
-2.611624854356177750e+00
-2.162318289023272389e+00
-1.700124469264492122e+00
-1.206323452494872051e+00
-7.583873704674580773e-01
-2.422354305279126319e-01
1.822506607106999521e-01
6.532769449422675123e-01
1.164888144803751580e+00
1.615834632334747667e+00
2.069182923258342299e+00
2.503228832766181355e+00
2.986819298197061823e+00
-2.833129161279225094e+00
-2.334478993845654493e+00
-1.875842981474671767e+00
-1.444411569778131899e+00
-1.012967544154858013e+00
-5.026368346391625330e-01
-3.328336110360119449e-02
4.723849714493466578e-01
9.366014539345082213e-01
1.374760771070304699e+00
1.820934467680158875e+00
2.301747461767858383e+00
2.748832757710835573e+00
-3.030614618787407899e+00
-2.574525286935297252e+00
-2.121651915024036938e+00
-1.657322693176928707e+00
-1.164647842867942096e+00
-7.320916011812034219e-01
-2.921418624973005640e-01
2.097379631701268288e-01
6.757827240141298653e-01
1.183371181401598582e+00
1.623713013402811267e+00
2.078439657961401288e+00
2.552849434595992228e+00
2.997360553953574591e+00
-2.820016744948382836e+00
-2.330430397578057367e+00
-1.863866489283780403e+00
-1.430343218072389400e+00
-9.444191590268908865e-01
-5.041135448243938555e-01
-5.257051218166308715e-02
4.449223053259903082e-01
9.098255899309299899e-01
1.373270412887640735e+00
1.857108772592650503e+00
2.288771905774559912e+00
2.733706852343366744e+00
-3.045961053681486064e+00
-2.589966812420403830e+00
-2.128824022218888334e+00
-1.745150997947825910e+00
-1.188821222597613136e+00
-7.389247633872042531e-01
-2.607055246394943682e-01
2.004078451988938747e-01
6.614937578484174630e-01
1.152021988769498240e+00
1.622585965275257669e+00
2.069158591191460062e+00
2.510115543603070876e+00
2.964855508632386005e+00
-2.804444252674159532e+00
-2.349841485553509024e+00
-1.886245957321713185e+00
-1.404844845217739113e+00
-9.611697325610206732e-01
-5.222159643534416418e-01
-3.013976395880435533e-02
4.246693916226980114e-01
8.915183553602354927e-01
1.385195119181906520e+00
1.829252593526279114e+00
2.266847913376173196e+00
2.762381661864163895e+00
-3.047792686306977306e+00
-2.575204934888464692e+00
-2.130040232180944404e+00
-1.731303903153709411e+00
-1.185023147576517166e+00
-7.435759067960607815e-01
-3.007164938879534066e-01
1.213921910930957360e-01
7.015448992796498029e-01
1.352178108258357714e+00
1.814296811625014882e+00
2.178571570334275620e+00
2.477528357318512064e+00
2.970198594902157652e+00
-2.833879597734002331e+00
-2.339347438984235694e+00
-1.892504172619777769e+00
-1.455001188509822185e+00
-9.959166358534456975e-01
-5.068128935483620090e-01
-5.167498921893853847e-02
3.998136896424853148e-01
8.955334800356025138e-01
1.349025778147171284e+00
1.774341204736631816e+00
2.267057623245605669e+00
2.721437557622349068e+00
-3.050100850772204275e+00
-2.592673585478683318e+00
-2.133526153479329057e+00
-1.689127760959618918e+00
-1.194310198913880017e+00
-7.483462754753169577e-01
-2.601125802347902249e-01
1.914593769288772673e-01
6.524865497106617784e-01
1.113642193586597662e+00
1.587346343551079508e+00
2.040619378280668972e+00
2.527802320317894758e+00
2.985907172411997657e+00
-2.833525242019488743e+00
-2.383034412172406746e+00
-1.895845584226806935e+00
-1.461431125154826205e+00
-1.009877365352048084e+00
-5.212338986075457647e-01
-6.741731269941775295e-02
4.265939690311242316e-01
8.864665740968726837e-01
1.377608543833993338e+00
1.808840542641890536e+00
2.257260103303122989e+00
2.747429708171776674e+00
-3.059930117889482659e+00
-2.619464395567894233e+00
-2.138156412893491343e+00
-1.741529153081569969e+00
-1.203937953740228162e+00
-7.406588198625108088e-01
-2.808630012826017763e-01
2.128700092285619183e-01
6.600952838546034762e-01
1.099242990336312120e+00
1.530226714585337433e+00
2.014541900422795795e+00
2.460836608890199173e+00
2.919627697610712502e+00
-2.852771407512901813e+00
-2.404243141874865763e+00
-1.898456746962147612e+00
-1.475966978391475948e+00
-1.016447361508744374e+00
-5.238574071541188815e-01
-6.476099038348959169e-02
4.178581675553583175e-01
8.790304172683429673e-01
1.326220571473012866e+00
1.763636683871942168e+00
2.264674335353827672e+00
2.722423964308884337e+00
-3.059523462535481020e+00
-2.607860599974164639e+00
-2.163571335994650902e+00
-1.725723498276351187e+00
-1.236244508391616037e+00
-7.351222930240364217e-01
-2.788991139014976861e-01
1.801916868261357330e-01
6.397028032344548309e-01
1.124563597578120300e+00
1.553787699786467247e+00
2.015349865883295788e+00
2.498848234104514621e+00
2.958552459765956488e+00
-2.852481448414648568e+00
-2.363750942767357088e+00
-1.911830842905723138e+00
-1.483267150040697757e+00
-9.712254417824808250e-01
-5.132612182067877171e-01
-1.597727360215328574e-02
4.234459740590028609e-01
8.778935923065134261e-01
1.354466761719000489e+00
1.794275506169400458e+00
2.256262705892877918e+00
2.757363463358721400e+00
-3.055427006924041677e+00
-2.605735042527672185e+00
-2.127696018583026483e+00
-1.727939734354966506e+00
-1.229537503708127089e+00
-7.310122950527616625e-01
-2.741570973202082095e-01
1.791117093087130074e-01
6.704444101292984515e-01
1.113420389165825641e+00
1.594660312671017044e+00
2.059370881531806585e+00
2.542920291207599437e+00
3.016678080704948695e+00
-2.819592123176039244e+00
-2.344483644705931624e+00
-1.891379623003667021e+00
-1.455868173303143109e+00
-9.529599221700797429e-01
-4.962551597520987734e-01
6.959926076343769807e-03
4.476199739648363263e-01
8.995859567245312327e-01
1.325914076228940974e+00
1.821807053561113499e+00
2.271093188632151261e+00
2.770173496082921183e+00
-3.045249451510206651e+00
-2.596768223487176730e+00
-2.131764947639096075e+00
-1.721792583381913877e+00
-1.225582141662915570e+00
-7.225495998784090546e-01
-2.489823320332060774e-01
2.569890000669682317e-01
6.961313613213631069e-01
1.082008639619261414e+00
1.559878918980033280e+00
2.059706035067434549e+00
2.511041585595161330e+00
2.967992616080644908e+00
-2.804765785060676642e+00
-2.370245469274316008e+00
-1.874387930852134510e+00
-1.439272026402210081e+00
-9.387758384904603126e-01
-4.824591273058373986e-01
-2.350677104942366924e-02
4.612055104318981691e-01
9.133484350440022048e-01
1.356429807690136879e+00
1.858187638974490241e+00
2.307336639764567821e+00
2.754459588258569624e+00
-3.030140007623927545e+00
-2.592121555163406921e+00
-2.171356971514809331e+00
-1.732623640821409294e+00
-1.231328962952376704e+00
-7.684684364248463018e-01
-2.368500387089766956e-01
1.734191014608776893e-01
6.638413716534444786e-01
1.113360218927150536e+00
1.555647370542807773e+00
2.054392472674187342e+00
2.505963659314788039e+00
2.979828664145477646e+00
-2.818519674683359622e+00
-2.381850803495880520e+00
-1.944788492143465497e+00
-1.453028577651765296e+00
-9.959498978549476966e-01
-5.024535684470925467e-01
-5.034686596740689524e-02
3.921610000987802991e-01
8.752033661064360093e-01
1.323691435777294201e+00
1.821617255964350868e+00
2.281949805648116225e+00
2.744639281069406245e+00
-3.038858276709101691e+00
-2.596802434939467386e+00
-2.130246076275211564e+00
-1.707902791182491553e+00
-1.226274442049959390e+00
-7.643154482544327610e-01
-2.699121702666448241e-01
1.856591539271819080e-01
6.668367500705401074e-01
1.110860354208173861e+00
1.546679859034078230e+00
2.030313764726505710e+00
2.474823552350144507e+00
2.942336202192183947e+00
-2.899466635596786190e+00
-2.432357101285783862e+00
-1.992265830820040051e+00
-1.619498224066244774e+00
-1.048363097663307819e+00
-5.889132557402083634e-01
-9.812435725251322793e-02
3.578768008830750524e-01
8.078441058784866513e-01
1.277355347639763883e+00
1.711793745580788340e+00
2.165282243026865672e+00
2.658229106744729897e+00
-3.128862859897838078e+00
-2.680962813333993111e+00
-2.253593568964805005e+00
-1.805929827757260631e+00
-1.337510080841124660e+00
-8.312530125663208924e-01
-3.845075971085242239e-01
1.464840355744981837e-01
5.464962911642200494e-01
9.877986287260401843e-01
1.460175339199047517e+00
1.919526353376825867e+00
2.377123420609825288e+00
2.882359646517132834e+00
-2.950273476203838730e+00
-2.497730846152496298e+00
-2.026154034723601782e+00
-1.625971770759503165e+00
-1.092202894143389669e+00
-6.287661238322659329e-01
-1.588711083343286035e-01
3.475763141011123381e-01
7.833886229805577806e-01
1.212658079969794356e+00
1.695862993771575233e+00
2.231772082572133442e+00
2.611567611361165664e+00
3.098945139417490946e+00
-2.742368432586692606e+00
-2.266302467428737533e+00
-1.818964419071110505e+00
-1.360697312910853718e+00
-8.515970827492933548e-01
-4.056244111418803588e-01
9.189587716116931482e-02
5.317720161717707228e-01
9.781167867255897708e-01
1.412154210715240055e+00
1.865994274954443366e+00
2.356519891856081905e+00
2.809536995648016955e+00
-2.950699394472703574e+00
-2.549330606880100270e+00
-2.110291097949144934e+00
-1.685416726740246673e+00
-1.129102295791379218e+00
-6.756469288912692051e-01
-2.026947855674365861e-01
2.401860458311086965e-01
6.793141680857153197e-01
1.128470345604809966e+00
1.604659520996987609e+00
2.068236931722673866e+00
2.603734221193126253e+00
3.015352151008246828e+00
-2.821532531624470153e+00
-2.383106195347707068e+00
-1.891906404703456612e+00
-1.432869281959299190e+00
-9.391682189289007887e-01
-4.932960657421196493e-01
-4.844575760986702395e-02
4.242859516634100991e-01
8.753576695823446219e-01
1.311196978726391071e+00
1.839534811096666278e+00
2.257508635757237592e+00
2.708691512096912390e+00
-3.094670599969559177e+00
-2.668659448935144507e+00
-2.219815204965152056e+00
-1.763694311478342769e+00
-1.257749792572700809e+00
-7.697019975536756320e-01
-3.248937340392616946e-01
1.218939147561677316e-01
6.069790310478864193e-01
1.055043706295117234e+00
1.517549098951282538e+00
1.972852483032539794e+00
2.425692056821819875e+00
2.880984150546907152e+00
-2.928701171713887330e+00
-2.479061941995259311e+00
-1.988215231158555030e+00
-1.523129701582146112e+00
-1.018042117557313109e+00
-5.713055690037984746e-01
-1.358237123298925431e-01
3.033549314574731648e-01
7.628993525853762225e-01
1.194205120207914250e+00
1.624424419111871742e+00
2.115378132525583599e+00
2.566253356644418560e+00
3.015662133317449367e+00
-2.780288489181546474e+00
-2.327711630211307003e+00
-1.876702325913330860e+00
-1.368447966892245571e+00
-9.235842634041500077e-01
-4.827191280883251778e-01
-1.673602871518653501e-02
4.291293883675422194e-01
8.769125703517461901e-01
1.349390993914446835e+00
1.793080154963131001e+00
2.284520892621470622e+00
2.732990468816974605e+00
-3.118227892525648137e+00
-2.635501279487260540e+00
-2.189285486697703842e+00
-1.749329626387423398e+00
-1.223753167785430751e+00
-7.715343985886993217e-01
-2.967263409215963321e-01
1.879334595663797458e-01
6.335750803020240296e-01
1.068320981953269966e+00
1.498405360454263313e+00
1.942035379460424815e+00
2.431116707541955080e+00
2.880651469527809816e+00
-2.965851807822085906e+00
-2.478832881354464668e+00
-2.012983812994955102e+00
-1.514134747361556066e+00
-1.053816686992503415e+00
-6.131445762091964902e-01
-1.494148509722994511e-01
2.985050894806513533e-01
7.603485073114377712e-01
1.199193831714267855e+00
1.665789367011187849e+00
2.113498676570742418e+00
2.598809936174241386e+00
3.041263765573221534e+00
-2.789073531199082190e+00
-2.337801438390961994e+00
-1.851658775360690568e+00
-1.410649554420214224e+00
-9.819939479874856270e-01
-4.820838265882319562e-01
-2.514517150891271147e-02
4.812726532007394198e-01
9.454176933937616933e-01
1.326137733344298519e+00
1.834814250909580169e+00
2.310348563627547591e+00
2.747478305464229997e+00
-3.058455217968657269e+00
-2.609019468106987816e+00
-2.162987787869215417e+00
-1.701278656763389741e+00
-1.210277410199684711e+00
-7.686326096871258784e-01
-3.036860683351072510e-01
1.528071115954365844e-01
6.288642659630099274e-01
1.081565157913225272e+00
1.554588010597775849e+00
2.005017790129406841e+00
2.481601371110508047e+00
2.924639861098089266e+00
-2.902104743738183501e+00
-2.416340307338924021e+00
-1.949909486076650822e+00
-1.522475711871123849e+00
-1.056912291220623246e+00
-6.014266449609851906e-01
-1.655969328837466614e-01
2.871543970586076799e-01
7.868575755239420877e-01
1.236725263315920698e+00
1.706263433767242876e+00
2.145742269999477259e+00
2.577458632847800413e+00
3.025574621576784029e+00
-2.755453432614368481e+00
-2.289858033322873077e+00
-1.833879432183792346e+00
-1.354929659073172088e+00
-9.278376621504889066e-01
-5.078614502459997126e-01
-1.243277434869360931e-02
4.487740286266941325e-01
9.140760643212031411e-01
1.401069722513238691e+00
1.850213885065894459e+00
2.314621970477226842e+00
2.753445043049201679e+00
-3.075917521821349698e+00
-2.590018974058818646e+00
-2.146542822763681357e+00
-1.723852949723792438e+00
-1.197118045889292270e+00
-7.718060899971566080e-01
-3.382033120435610218e-01
1.654385627808290238e-01
6.382550281714667317e-01
1.093045225348378890e+00
1.574624938938359753e+00
2.000692279369962190e+00
2.471493963063621901e+00
2.917024869583321856e+00
-2.892060208725168557e+00
-2.447794036625427605e+00
-1.933601588125127613e+00
-1.452679459937757045e+00
-1.017111210281146150e+00
-5.958091568323675702e-01
-1.467400724245289112e-01
3.492887703280174172e-01
8.166144729044950701e-01
1.307777742301079682e+00
