9.089712984859943390e-03
-9.089712984859943390e-03
0.000000000000000000e+00
9.089712984859943390e-03
0.000000000000000000e+00
-9.089712984859943390e-03
-9.089712984859943390e-03
0.000000000000000000e+00
0.000000000000000000e+00
9.089712984859943390e-03
0.000000000000000000e+00
9.089712984859943390e-03
0.000000000000000000e+00
0.000000000000000000e+00
9.089712984859943390e-03
1.817942596971988678e-02
0.000000000000000000e+00
-9.089712984859943390e-03
0.000000000000000000e+00
0.000000000000000000e+00
0.000000000000000000e+00
-9.089712984859943390e-03
9.089712984859943390e-03
1.817942596971988678e-02
9.089712984859943390e-03
-1.817942596971988678e-02
0.000000000000000000e+00
0.000000000000000000e+00
-1.817942596971988678e-02
9.089712984859943390e-03
9.089712984859943390e-03
9.089712984859943390e-03
0.000000000000000000e+00
0.000000000000000000e+00
-9.089712984859943390e-03
-9.089712984859943390e-03
-9.089712984859943390e-03
0.000000000000000000e+00
0.000000000000000000e+00
-9.089712984859943390e-03
0.000000000000000000e+00
9.089712984859943390e-03
0.000000000000000000e+00
9.089712984859943390e-03
0.000000000000000000e+00
0.000000000000000000e+00
0.000000000000000000e+00
9.089712984859943390e-03
-9.089712984859943390e-03
0.000000000000000000e+00
-1.817942596971988678e-02
9.089712984859943390e-03
0.000000000000000000e+00
0.000000000000000000e+00
-9.089712984859943390e-03
9.089712984859943390e-03
1.817942596971988678e-02
0.000000000000000000e+00
0.000000000000000000e+00
0.000000000000000000e+00
9.089712984859943390e-03
-9.089712984859943390e-03
-9.089712984859943390e-03
-2.181531041860580444e-01
-9.089703857898712158e-02
-1.454354405403137207e+00
-9.907788038253784180e-01
-5.544725060462951660e-01
-4.453960359096527100e-01
-1.363456994295120239e-01
-2.726913802325725555e-02
-9.089716710150241852e-03
-3.635885566473007202e-02
1.454354077577590942e-01
-5.453827604651451111e-02
-3.635885193943977356e-02
0.000000000000000000e+00
-9.089716710150241852e-03
-1.363456994295120239e-01
1.908839941024780273e-01
1.727045476436614990e-01
6.362799555063247681e-02
-9.089713916182518005e-03
1.817943342030048370e-02
3.635886684060096741e-02
1.090765520930290222e-01
1.454354226589202881e-01
1.817942708730697632e-01
1.817942783236503601e-02
-3.635885193943977356e-02
1.817942596971988678e-02
4.635753929615020752e-01
4.817547798156738281e-01
3.181399703025817871e-01
2.726913988590240479e-01
4.181267917156219482e-01
2.908708155155181885e-01
1.908839941024780273e-01
9.089716710150241852e-03
-5.453827604651451111e-02
-7.271770387887954712e-02
1.817942596971988678e-02
1.090765520930290222e-01
1.345277667045593262e+00
-6.271902322769165039e-01
-1.227111220359802246e+00
-7.271770834922790527e-01
-3.999474346637725830e-01
-1.363457292318344116e-01
5.453829839825630188e-02
-1.727045476436614990e-01
-4.090371131896972656e-01
-1.817942596971988678e-02
4.544856399297714233e-02
9.089712984859943390e-03
-2.726913802325725555e-02
9.089712984859943390e-03
0.000000000000000000e+00
0.000000000000000000e+00
0.000000000000000000e+00
0.000000000000000000e+00
9.089712984859943390e-03
-2.726913802325725555e-02
-9.089712984859943390e-03
9.089712984859943390e-03
-9.089712984859943390e-03
9.089712984859943390e-03
0.000000000000000000e+00
0.000000000000000000e+00
0.000000000000000000e+00
0.000000000000000000e+00
-2.726913802325725555e-02
-9.089712984859943390e-03
-9.089712984859943390e-03
-9.089712984859943390e-03
-1.817942596971988678e-02
0.000000000000000000e+00
1.817942596971988678e-02
9.089712984859943390e-03
9.089712984859943390e-03
1.817942596971988678e-02
0.000000000000000000e+00
-1.817942596971988678e-02
0.000000000000000000e+00
-9.089712984859943390e-03
9.089712984859943390e-03
0.000000000000000000e+00
-9.089712984859943390e-03
-9.089712984859943390e-03
9.089712984859943390e-03
9.089712984859943390e-03
-1.817942596971988678e-02
-9.089712984859943390e-03
1.817942596971988678e-02
0.000000000000000000e+00
0.000000000000000000e+00
-9.089712984859943390e-03
2.726913802325725555e-02
9.089712984859943390e-03
0.000000000000000000e+00
-9.089712984859943390e-03
0.000000000000000000e+00
-2.726913802325725555e-02
9.089712984859943390e-03
-1.817942596971988678e-02
9.089712984859943390e-03
1.817942596971988678e-02
-1.817942596971988678e-02
0.000000000000000000e+00
0.000000000000000000e+00
-1.817942596971988678e-02
-1.817942596971988678e-02
-9.089712984859943390e-03
2.726913802325725555e-02
9.089712984859943390e-03
9.089712984859943390e-03
-9.089712984859943390e-03
-9.089712984859943390e-03
-9.089712984859943390e-03
9.089712984859943390e-03
-9.089712984859943390e-03
9.089712984859943390e-03
-9.089712984859943390e-03
0.000000000000000000e+00
-1.817942596971988678e-02
0.000000000000000000e+00
0.000000000000000000e+00
9.089712984859943390e-03
9.089712984859943390e-03
0.000000000000000000e+00
-9.089712984859943390e-03
1.817942596971988678e-02
-9.089712984859943390e-03
-9.089712984859943390e-03
-1.817942596971988678e-02
-1.817942596971988678e-02
-1.817942596971988678e-02
0.000000000000000000e+00
9.089712984859943390e-03
-1.817942596971988678e-02
0.000000000000000000e+00
0.000000000000000000e+00
-2.726913802325725555e-02
-9.089712984859943390e-03
2.726913802325725555e-02
-9.089712984859943390e-03
1.817942596971988678e-02
9.089712984859943390e-03
9.089712984859943390e-03
3.635884448885917664e-02
4.635756015777587891e-01
3.790410518646240234e+00
4.763010025024414062e+00
4.744830608367919922e+00
4.599395275115966797e+00
4.699381351470947266e+00
4.735740184783935547e+00
4.363062381744384766e+00
4.399421691894531250e+00
4.308524131774902344e+00
4.599395275115966797e+00
4.517587184906005859e+00
4.726650714874267578e+00
4.708471775054931641e+00
4.644843578338623047e+00
4.426690101623535156e+00
4.181268215179443359e+00
4.608484745025634766e+00
4.635753631591796875e+00
4.390331268310546875e+00
4.608484745025634766e+00
4.508497714996337891e+00
4.699381351470947266e+00
4.408510684967041016e+00
4.663022994995117188e+00
4.572125911712646484e+00
4.572125911712646484e+00
4.653933048248291016e+00
4.481228351593017578e+00
4.308524131774902344e+00
4.435780525207519531e+00
4.681202411651611328e+00
4.626664638519287109e+00
4.663022994995117188e+00
4.308524131774902344e+00
4.517587184906005859e+00
4.317614078521728516e+00
4.317613601684570312e+00
4.508497714996337891e+00
4.653933048248291016e+00
4.535767078399658203e+00
4.490318298339843750e+00
4.353972911834716797e+00
4.372151851654052734e+00
4.499407768249511719e+00
4.717560768127441406e+00
4.690291881561279297e+00
4.644843578338623047e+00
4.417600631713867188e+00
4.453959465026855469e+00
4.290344715118408203e+00
4.281255245208740234e+00
4.453959465026855469e+00
4.617574691772460938e+00
4.499407768249511719e+00
4.635754108428955078e+00
4.490318298339843750e+00
4.553946495056152344e+00
4.508497714996337891e+00
4.563035964965820312e+00
4.563035964965820312e+00
4.563035964965820312e+00
4.299434661865234375e+00
4.535767078399658203e+00
4.353972434997558594e+00
4.663022994995117188e+00
4.781189441680908203e+00
4.444869995117187500e+00
4.517587184906005859e+00
4.690291881561279297e+00
4.353972911834716797e+00
4.408511161804199219e+00
4.772099494934082031e+00
4.581215381622314453e+00
4.744830608367919922e+00
4.508497714996337891e+00
4.481228351593017578e+00
4.490318298339843750e+00
4.317614078521728516e+00
4.608484745025634766e+00
4.799368858337402344e+00
4.481228351593017578e+00
4.608484745025634766e+00
4.253985881805419922e+00
4.399421215057373047e+00
4.681201934814453125e+00
4.899355411529541016e+00
4.499407768249511719e+00
4.553946495056152344e+00
4.681202411651611328e+00
4.699381828308105469e+00
4.453959941864013672e+00
4.526677131652832031e+00
4.581215858459472656e+00
4.744830608367919922e+00
4.472138881683349609e+00
4.299434661865234375e+00
4.499407768249511719e+00
4.490318298339843750e+00
4.681202411651611328e+00
4.590305328369140625e+00
4.572125911712646484e+00
4.417600631713867188e+00
4.508497714996337891e+00
4.535767078399658203e+00
4.444869995117187500e+00
4.635753631591796875e+00
4.544856548309326172e+00
4.708471298217773438e+00
4.353972911834716797e+00
4.363062381744384766e+00
4.444869518280029297e+00
4.563035964965820312e+00
4.408511161804199219e+00
4.472138881683349609e+00
4.472139358520507812e+00
4.463049411773681641e+00
4.408510684967041016e+00
4.672112464904785156e+00
4.463049411773681641e+00
4.563035964965820312e+00
4.699381828308105469e+00
4.481228351593017578e+00
4.417600631713867188e+00
4.599395275115966797e+00
4.335793495178222656e+00
4.708471298217773438e+00
4.535767078399658203e+00
4.517587184906005859e+00
4.617574214935302734e+00
4.372151851654052734e+00
4.553946495056152344e+00
4.472138881683349609e+00
4.653933048248291016e+00
4.663022994995117188e+00
4.626664161682128906e+00
4.535767078399658203e+00
4.281255245208740234e+00
4.472139358520507812e+00
4.708471298217773438e+00
4.663022994995117188e+00
4.453959941864013672e+00
4.799368858337402344e+00
4.517587184906005859e+00
4.599395275115966797e+00
4.372151851654052734e+00
4.590305328369140625e+00
4.663022994995117188e+00
4.644843578338623047e+00
4.590305328369140625e+00
4.463048934936523438e+00
4.472138881683349609e+00
4.708471298217773438e+00
4.608484745025634766e+00
4.390331268310546875e+00
4.463048934936523438e+00
4.444869518280029297e+00
4.463048934936523438e+00
4.381241798400878906e+00
4.499407768249511719e+00
4.599395275115966797e+00
4.753920078277587891e+00
4.681201934814453125e+00
4.717560768127441406e+00
4.299434661865234375e+00
4.563035964965820312e+00
4.681202411651611328e+00
4.535767078399658203e+00
4.535767078399658203e+00
4.363062381744384766e+00
4.490318298339843750e+00
4.535767078399658203e+00
4.399421215057373047e+00
4.563035964965820312e+00
4.635753631591796875e+00
4.363062381744384766e+00
4.490318298339843750e+00
4.517587184906005859e+00
4.399421215057373047e+00
4.635753631591796875e+00
4.663022994995117188e+00
4.553946495056152344e+00
4.463048934936523438e+00
4.726650714874267578e+00
4.590305328369140625e+00
4.490318775177001953e+00
4.399421215057373047e+00
4.508497714996337891e+00
4.572125911712646484e+00
4.581215381622314453e+00
4.590305328369140625e+00
4.499407768249511719e+00
4.335793495178222656e+00
4.563035964965820312e+00
4.326703548431396484e+00
4.526677131652832031e+00
4.408511161804199219e+00
4.626664638519287109e+00
4.353972434997558594e+00
4.499407768249511719e+00
4.626664638519287109e+00
4.481228351593017578e+00
4.499407768249511719e+00
4.490318298339843750e+00
4.608484745025634766e+00
4.272165298461914062e+00
4.581215858459472656e+00
4.508497714996337891e+00
4.363062381744384766e+00
4.435780525207519531e+00
4.563035964965820312e+00
4.408511638641357422e+00
4.208537101745605469e+00
4.417600631713867188e+00
4.690291881561279297e+00
4.599395275115966797e+00
4.590305328369140625e+00
4.563035964965820312e+00
4.426690578460693359e+00
4.372151851654052734e+00
4.708471775054931641e+00
4.390331268310546875e+00
4.453959465026855469e+00
4.381241798400878906e+00
4.553946495056152344e+00
4.381241798400878906e+00
4.163088798522949219e+00
4.435780525207519531e+00
4.653933048248291016e+00
4.526677131652832031e+00
4.553946495056152344e+00
4.508497714996337891e+00
4.453959941864013672e+00
4.144909381866455078e+00
4.463049411773681641e+00
4.690291881561279297e+00
4.572125911712646484e+00
4.435780525207519531e+00
4.417600631713867188e+00
4.199447631835937500e+00
4.463048934936523438e+00
4.663022994995117188e+00
4.372152328491210938e+00
4.490318298339843750e+00
4.472138881683349609e+00
4.390331745147705078e+00
4.344882965087890625e+00
4.581215381622314453e+00
4.472138881683349609e+00
4.617574214935302734e+00
4.435780048370361328e+00
4.508497714996337891e+00
4.444869995117187500e+00
4.353972911834716797e+00
4.472138881683349609e+00
4.699381351470947266e+00
4.553946495056152344e+00
4.563035964965820312e+00
4.472138881683349609e+00
4.553946495056152344e+00
4.308524131774902344e+00
4.681201934814453125e+00
4.472138881683349609e+00
4.435780525207519531e+00
4.490318298339843750e+00
4.735740184783935547e+00
4.472139358520507812e+00
4.481228351593017578e+00
4.653933048248291016e+00
4.444869995117187500e+00
4.453959465026855469e+00
4.444869518280029297e+00
4.608484745025634766e+00
4.381241798400878906e+00
4.790278911590576172e+00
4.472138881683349609e+00
4.608484745025634766e+00
4.490318298339843750e+00
4.735740661621093750e+00
4.408510684967041016e+00
4.217626571655273438e+00
4.572125911712646484e+00
4.808458328247070312e+00
4.499407768249511719e+00
4.544856548309326172e+00
4.535767078399658203e+00
4.444869518280029297e+00
4.344882965087890625e+00
4.744830608367919922e+00
4.599394798278808594e+00
4.590305328369140625e+00
4.563035964965820312e+00
4.544856548309326172e+00
4.399421215057373047e+00
4.235806465148925781e+00
4.517587184906005859e+00
4.653933048248291016e+00
4.490318298339843750e+00
4.372152328491210938e+00
4.435780048370361328e+00
4.453959941864013672e+00
4.272165298461914062e+00
4.617574214935302734e+00
4.526677131652832031e+00
4.617574691772460938e+00
4.772099494934082031e+00
4.590305328369140625e+00
4.517587184906005859e+00
4.581215858459472656e+00
4.744830608367919922e+00
4.426690578460693359e+00
4.608484745025634766e+00
4.581215858459472656e+00
4.399421215057373047e+00
4.372152328491210938e+00
4.608484745025634766e+00
4.481228351593017578e+00
4.626664638519287109e+00
4.599394798278808594e+00
4.753920078277587891e+00
4.408511161804199219e+00
4.608484745025634766e+00
4.563035964965820312e+00
4.499407768249511719e+00
4.353972911834716797e+00
4.526677131652832031e+00
4.672112464904785156e+00
4.508497714996337891e+00
4.308524131774902344e+00
4.808458328247070312e+00
4.453959941864013672e+00
4.390331745147705078e+00
4.490318298339843750e+00
4.581215381622314453e+00
4.535767078399658203e+00
4.663022994995117188e+00
4.481228828430175781e+00
4.499407768249511719e+00
4.435780048370361328e+00
4.644844055175781250e+00
4.608484745025634766e+00
4.453959465026855469e+00
4.690291881561279297e+00
4.435780048370361328e+00
4.544856548309326172e+00
4.444869518280029297e+00
4.563035964965820312e+00
4.481228828430175781e+00
4.463048934936523438e+00
4.535767078399658203e+00
4.508497714996337891e+00
4.499407768249511719e+00
4.453959465026855469e+00
4.526677131652832031e+00
4.490318298339843750e+00
4.344882965087890625e+00
4.644843578338623047e+00
4.372152328491210938e+00
4.481228351593017578e+00
4.372151851654052734e+00
4.617574214935302734e+00
4.490318298339843750e+00
4.453959465026855469e+00
4.663022994995117188e+00
4.417600631713867188e+00
4.599395275115966797e+00
4.535767078399658203e+00
4.626664161682128906e+00
4.281255245208740234e+00
4.499407768249511719e+00
4.553946495056152344e+00
4.426690578460693359e+00
4.508497714996337891e+00
4.553946495056152344e+00
4.426690578460693359e+00
4.335793495178222656e+00
4.472139358520507812e+00
4.381241798400878906e+00
4.535767078399658203e+00
4.481228351593017578e+00
4.563035488128662109e+00
4.563035964965820312e+00
4.290344715118408203e+00
4.426690101623535156e+00
4.517587184906005859e+00
4.590305328369140625e+00
4.390331268310546875e+00
4.599394798278808594e+00
4.390331745147705078e+00
4.299434661865234375e+00
