-1.908839941024780273e-01
-2.726914584636688232e-01
0.000000000000000000e+00
2.726886235177516937e-02
-9.998677670955657959e-02
0.000000000000000000e+00
-4.544860869646072388e-02
2.908709347248077393e-01
1.908839941024780273e-01
-6.362781673669815063e-02
9.998677670955657959e-02
1.454351097345352173e-01
1.636149436235427856e-01
9.998677670955657959e-02
1.727043241262435913e-01
1.727043241262435913e-01
9.998712688684463501e-02
9.089739061892032623e-03
1.817947812378406525e-02
-1.363460868597030640e-01
1.363453865051269531e-01
2.545119822025299072e-01
-2.090632766485214233e-01
1.727050393819808960e-01
1.817947812378406525e-02
1.363460868597030640e-01
-2.454222440719604492e-01
5.453772470355033875e-02
3.635895624756813049e-02
2.272427678108215332e-01
3.272298872470855713e-01
-1.454351097345352173e-01
-9.998712688684463501e-02
1.817940771579742432e-01
1.090761646628379822e-01
-1.181666105985641479e-01
-3.635888695716857910e-01
4.272163212299346924e-01
0.000000000000000000e+00
-9.998641908168792725e-02
-7.271791249513626099e-02
-4.544869437813758850e-02
3.544983863830566406e-01
-1.181658953428268433e-01
6.362816691398620605e-02
-1.090768650174140930e-01
0.000000000000000000e+00
-9.089739061892032623e-03
-6.362816691398620605e-02
-5.453772470355033875e-02
-6.362816691398620605e-02
3.908580541610717773e-01
-1.727050393819808960e-01
3.090504109859466553e-01
-4.544869437813758850e-02
-2.726921625435352325e-02
9.089739061892032623e-03
-4.544869437813758850e-02
3.817676305770874023e-01
9.089738875627517700e-02
-5.453772470355033875e-02
4.453965127468109131e-01
-2.545119822025299072e-01
1.817947812378406525e-02
-1.181666105985641479e-01
-9.998641908168792725e-02
2.272427678108215332e-01
-3.908573389053344727e-01
5.817411541938781738e-01
-1.817940771579742432e-01
1.454358249902725220e-01
-1.727043241262435913e-01
1.181658953428268433e-01
1.272563338279724121e-01
1.181658953428268433e-01
-1.272563338279724121e-01
1.908845007419586182e-01
-2.636017203330993652e-01
1.817940771579742432e-01
-9.998712688684463501e-02
1.545255631208419800e-01
1.817940771579742432e-01
9.089738875627517700e-02
1.817947812378406525e-02
1.454351097345352173e-01
2.363325059413909912e-01
-5.453843250870704651e-02
3.635888695716857910e-01
-2.363325059413909912e-01
3.272298872470855713e-01
-2.181530147790908813e-01
9.089668840169906616e-02
5.453843250870704651e-02
-9.089738875627517700e-02
-1.545248478651046753e-01
9.089739061892032623e-03
4.544799029827117920e-02
9.089738875627517700e-02
1.908838152885437012e-01
0.000000000000000000e+00
-1.817947812378406525e-02
8.180765062570571899e-02
-1.636146008968353271e-01
-1.908845007419586182e-01
4.363060295581817627e-01
1.999742537736892700e-01
-2.954156637191772461e+00
1.272563338279724121e-01
1.063496470451354980e+00
-1.054406523704528809e+00
-1.817940771579742432e-01
1.118034839630126953e+00
-3.726782500743865967e-01
5.453772470355033875e-02
-4.999342262744903564e-01
7.271791249513626099e-02
-1.545252054929733276e-01
-1.636147648096084595e-01
-1.581610083580017090e+00
2.090633869171142578e+00
