2.093792596034958819e+00
2.093792596034958819e+00
2.093792596034958819e+00
2.093792596034958819e+00
2.093792596034958819e+00
2.093792596034958819e+00
2.093792596034958819e+00
2.093792596034958819e+00
2.093792596034958819e+00
2.093792596034958819e+00
2.093792596034958819e+00
2.093792596034958819e+00
2.093792596034958819e+00
2.093792596034958819e+00
2.093792596034958819e+00
2.093792596034958819e+00
2.093792596034958819e+00
2.093792596034958819e+00
2.093792596034958819e+00
2.093792596034958819e+00
2.093792596034958819e+00
2.093792596034958819e+00
-1.473328048152321657e+00
-1.461519719440096843e+00
-1.446057767112228554e+00
-1.455569219627547817e+00
-1.448153925557817079e+00
-1.454686137661965750e+00
-1.444930447019534991e+00
-1.493974824222263464e+00
-1.489649819227678140e+00
-1.506601673961162291e+00
-1.471316036446647324e+00
-1.453554132056549264e+00
-1.430710561019722382e+00
-1.426443069123851437e+00
-1.442719158362204102e+00
-1.417556014124150554e+00
-1.405268131863193881e+00
-1.400451326678614716e+00
-1.404275698298346864e+00
-1.401034024410443113e+00
-1.412041489927143845e+00
-1.427448126879401702e+00
-1.408371537251101646e+00
-1.394577300255387620e+00
-1.403189015379433524e+00
-1.394104260070694989e+00
-1.392135247522069186e+00
-1.385097219874237062e+00
-1.378191619589117067e+00
-1.420017206534687215e+00
-1.372677455102913502e+00
-1.248313027229547956e+00
-1.325504085373094387e+00
-1.313373489589845233e+00
-1.325291129217259556e+00
-1.337596704737630038e+00
-1.340533047061575056e+00
-1.373725995781231113e+00
-1.386172678763208044e+00
-1.372858452184603673e+00
-1.420158333532071326e+00
-1.362619007921449743e+00
-1.292297487435767112e+00
-1.292297487435767112e+00
-1.292297487435767112e+00
-1.292297487435767112e+00
-1.292297487435767112e+00
-1.292297487435767112e+00
-1.292297487435767112e+00
-1.292297487435767112e+00
-1.292297487435767112e+00
-1.292297487435767112e+00
-1.292297487435767112e+00
-1.292297487435767112e+00
-1.292297487435767112e+00
-1.292297487435767112e+00
-1.292297487435767112e+00
-1.292297487435767112e+00
-1.292297487435767112e+00
-1.292297487435767112e+00
-1.292297487435767112e+00
-1.292297487435767112e+00
-1.292297487435767112e+00
-1.292297487435767112e+00
-1.292297487435767112e+00
-1.292297487435767112e+00
-1.292297487435767112e+00
-1.292297487435767112e+00
-1.292297487435767112e+00
-1.292297487435767112e+00
-1.292297487435767112e+00
-1.292297487435767112e+00
-1.292297487435767112e+00
-1.292297487435767112e+00
-1.292297487435767112e+00
-1.292297487435767112e+00
-1.292297487435767112e+00
-1.292297487435767112e+00
-1.292297487435767112e+00
