-3.635885193943977356e-02
9.089712984859943390e-03
0.000000000000000000e+00
-1.090765520930290222e-01
5.544725060462951660e-01
-7.271771132946014404e-02
-2.363325506448745728e-01
-1.636148542165756226e-01
3.090502321720123291e-01
0.000000000000000000e+00
-2.726904116570949554e-02
-3.635886013507843018e-01
-7.998947501182556152e-01
-5.726519823074340820e-01
-7.271771132946014404e-02
3.090502619743347168e-01
1.817942596971988678e-02
4.544856771826744080e-02
2.726913802325725555e-02
-1.272560805082321167e-01
2.726921625435352325e-02
-7.271755486726760864e-02
2.790541887283325195e+00
2.636016607284545898e-01
-1.636147648096084595e-01
-1.817942559719085693e-01
-1.181662529706954956e-01
-2.363325059413909912e-01
-7.271755486726760864e-02
-3.635895624756813049e-02
-3.999474644660949707e-01
-4.363063871860504150e-01
-2.908709347248077393e-01
9.089668840169906616e-02
1.154393553733825684e+00
-7.817153930664062500e-01
-1.999735534191131592e-01
-9.089703857898712158e-02
-7.271773368120193481e-02
-6.362799555063247681e-02
7.271773368120193481e-02
4.544857516884803772e-02
3.635877743363380432e-02
1.817947812378406525e-02
2.817810177803039551e-01
1.817944347858428955e-01
6.908183693885803223e-01
4.635756015777587891e-01
-1.817912422120571136e-02
-6.362816691398620605e-02
-2.636017203330993652e-01
-1.599789500236511230e+00
-3.399552822113037109e+00
-2.699645042419433594e+00
-2.181530147790908813e-01
0.000000000000000000e+00
9.998677670955657959e-02
-4.544834420084953308e-02
-1.363457292318344116e-01
-3.726782500743865967e-01
2.363325595855712891e+00
3.754051685333251953e+00
3.535898685455322266e+00
2.281517982482910156e+00
-1.999735534191131592e-01
-1.817947812378406525e-02
-1.727050393819808960e-01
-1.445264220237731934e+00
-3.999474644660949707e-01
-1.199842333793640137e+00
1.027137637138366699e+00
2.972336053848266602e+00
3.863127470016479492e+00
4.444869518280029297e+00
2.872349262237548828e+00
-1.490713000297546387e+00
-2.990515708923339844e+00
-3.354104042053222656e+00
6.362799555063247681e-02
6.362816691398620605e-02
4.544851928949356079e-02
2.090634107589721680e-01
1.636148542165756226e-01
1.636149436235427856e-01
1.817947812378406525e-02
-3.635895624756813049e-02
2.545119822025299072e-01
8.180765062570571899e-02
3.090500533580780029e-01
-8.726124167442321777e-01
-1.463443756103515625e+00
-3.554078102111816406e+00
-4.099460601806640625e+00
-3.726782560348510742e+00
-2.708734750747680664e+00
-8.544330000877380371e-01
0.000000000000000000e+00
-5.453843250870704651e-02
7.271791249513626099e-02
-9.089739061892032623e-03
1.636146008968353271e-01
-1.181658953428268433e-01
-1.272559911012649536e-01
1.636148244142532349e-01
0.000000000000000000e+00
-4.544851928949356079e-02
1.817912422120571136e-02
-4.726650118827819824e-01
-2.726913928985595703e+00
-3.499539375305175781e+00
-2.808721542358398438e+00
-7.453565001487731934e-01
2.545119822025299072e-01
-6.362816691398620605e-02
2.090632766485214233e-01
1.336187720298767090e+00
3.072322845458984375e+00
1.281649708747863770e+00
8.544330000877380371e-01
9.089385159313678741e-03
-2.908705770969390869e-01
2.999606728553771973e-01
-2.317876815795898438e+00
-9.362403154373168945e-01
-8.180765062570571899e-02
2.636017203330993652e-01
2.181530147790908813e-01
1.817947812378406525e-02
-1.727043241262435913e-01
1.363453865051269531e-01
-2.863260030746459961e+00
-3.454091310501098633e+00
-1.827032208442687988e+00
-2.181533724069595337e-01
2.726914584636688232e-01
-2.817808389663696289e-01
-1.090765073895454407e-01
1.908841729164123535e-01
-2.726921625435352325e-02
2.181533724069595337e-01
-2.872349262237548828e+00
-3.463180541992187500e+00
-3.944935321807861328e+00
-4.172178268432617188e+00
-1.163483381271362305e+00
-2.726914584636688232e-01
1.817947812378406525e-02
1.517981886863708496e+00
3.663154363632202148e+00
2.608747959136962891e+00
6.817283034324645996e-01
1.181666105985641479e-01
1.817940771579742432e-01
5.453843250870704651e-02
-2.845080375671386719e+00
-1.890660405158996582e+00
-1.272556334733963013e-01
2.726914584636688232e-01
-1.363453865051269531e-01
-1.817947812378406525e-02
1.363453865051269531e-01
-1.908845007419586182e-01
1.454358249902725220e-01
-1.908838152885437012e-01
-1.817947775125503540e-01
-1.272563338279724121e-01
0.000000000000000000e+00
-3.181401491165161133e-01
-1.727043241262435913e-01
-1.272556334733963013e-01
1.817947812378406525e-02
-3.544983863830566406e-01
1.817947812378406525e-02
-2.617837667465209961e+00
-3.544988155364990234e+00
-4.999342262744903564e-01
1.817947812378406525e-02
1.490713000297546387e+00
3.490450143814086914e+00
3.326835155487060547e+00
1.745224833488464355e+00
4.726650118827819824e-01
2.636010050773620605e-01
1.817947812378406525e-02
2.363325059413909912e-01
-9.089738875627517700e-02
-2.181530147790908813e-01
-2.363325059413909912e-01
1.181666105985641479e-01
1.545248478651046753e-01
-2.726914584636688232e-01
6.362816691398620605e-02
-1.817947812378406525e-02
-3.408642530441284180e+00
-3.890397071838378906e+00
-4.035832405090332031e+00
-1.590700030326843262e+00
1.181662440299987793e+00
3.008694887161254883e+00
3.335924863815307617e+00
1.145303606986999512e+00
2.908702194690704346e-01
-1.908838152885437012e-01
1.727043241262435913e-01
0.000000000000000000e+00
-1.090768650174140930e-01
2.272427678108215332e-01
5.453772470355033875e-02
9.998641908168792725e-02
-4.544869437813758850e-02
-5.453843250870704651e-02
1.817877031862735748e-02
6.362816691398620605e-02
2.726921625435352325e-02
-1.545255631208419800e-01
-8.271641135215759277e-01
-3.208668708801269531e+00
-1.136213779449462891e+00
2.726921625435352325e-02
4.363067448139190674e-01
1.072586417198181152e+00
2.736003398895263672e+00
1.072586417198181152e+00
7.544462680816650391e-01
-1.817947812378406525e-02
-1.981557369232177734e+00
-3.199579000473022461e+00
-2.008826255798339844e+00
-3.272298872470855713e-01
-9.998712688684463501e-02
-9.089739061892032623e-03
5.453843250870704651e-02
-1.636146008968353271e-01
-8.180765062570571899e-02
9.089739061892032623e-03
-4.544799029827117920e-02
1.999735534191131592e-01
1.363460868597030640e-01
2.272427678108215332e-01
-3.454093635082244873e-01
-1.272563338279724121e-01
1.090768650174140930e-01
9.089739061892032623e-03
6.362816691398620605e-02
1.272556334733963013e-01
-2.181530147790908813e-01
-1.272556334733963013e-01
1.272563338279724121e-01
9.089739061892032623e-03
2.726921625435352325e-02
0.000000000000000000e+00
-4.544869437813758850e-02
-1.090768650174140930e-01
1.072585701942443848e+00
7.544462680816650391e-01
0.000000000000000000e+00
1.636146008968353271e-01
1.908838152885437012e-01
1.190752267837524414e+00
3.590436697006225586e+00
2.163351535797119141e+00
-1.999735534191131592e-01
-5.635623931884765625e-01
-2.272427678108215332e-01
1.090768650174140930e-01
-2.817811965942382812e-01
-9.180607795715332031e-01
-3.799500703811645508e+00
-2.854170322418212891e+00
6.271898746490478516e-01
3.081413030624389648e+00
4.099460601806640625e+00
2.399684667587280273e+00
5.999213457107543945e-01
3.363196253776550293e-01
1.345277786254882812e+00
3.026874780654907227e+00
2.954156875610351562e+00
1.118034362792968750e+00
-1.090761646628379822e-01
9.180607795715332031e-01
3.226848840713500977e+00
3.744962215423583984e+00
3.963115215301513672e+00
3.817679643630981445e+00
3.345014333724975586e+00
-7.453565001487731934e-01
-2.217890024185180664e+00
-3.172309637069702148e+00
-2.772362470626831055e+00
-2.363325059413909912e-01
2.545119822025299072e-01
-2.090632766485214233e-01
1.636153012514114380e-01
3.772231101989746094e+00
3.854038476943969727e+00
2.272428274154663086e+00
3.454093635082244873e-01
-1.527071952819824219e+00
-3.126861333847045898e+00
-4.108550548553466797e+00
-3.690423488616943359e+00
-1.372547030448913574e+00
-2.454222440719604492e-01
-1.272563338279724121e-01
-1.363460868597030640e-01
0.000000000000000000e+00
2.054275274276733398e+00
3.290475845336914062e+00
1.163483023643493652e+00
-1.817947812378406525e-02
-2.090632766485214233e-01
-1.999735534191131592e-01
-2.572389125823974609e+00
-3.472270250320434570e+00
-1.436175227165222168e+00
-1.817947812378406525e-02
1.727050393819808960e-01
-1.908845007419586182e-01
4.726650118827819824e-01
3.235937833786010742e+00
1.554340362548828125e+00
1.090768650174140930e-01
-2.726914584636688232e-01
-6.908180117607116699e-01
-3.590436697006225586e+00
-4.117640495300292969e+00
-3.826769351959228516e+00
-1.645238518714904785e+00
1.454358249902725220e-01
2.517850875854492188e+00
3.817679643630981445e+00
2.854169845581054688e+00
1.154393315315246582e+00
7.271791249513626099e-02
1.636146008968353271e-01
-9.453300237655639648e-01
-3.472270250320434570e+00
-2.536029577255249023e+00
-2.636017203330993652e-01
9.544197320938110352e-01
2.772362947463989258e+00
3.635885238647460938e+00
1.327098369598388672e+00
5.090239644050598145e-01
5.908315777778625488e-01
2.126993417739868164e+00
3.999473810195922852e+00
2.490581750869750977e+00
-8.907915949821472168e-01
-1.781583905220031738e+00
-3.935846328735351562e+00
-4.054012298583984375e+00
-1.363456606864929199e+00
-1.999735534191131592e-01
-9.089738875627517700e-02
1.536161661148071289e+00
3.735872507095336914e+00
2.763273239135742188e+00
9.635101556777954102e-01
2.126992940902709961e+00
3.708603382110595703e+00
5.453843250870704651e-02
-5.453829169273376465e-01
-2.908708095550537109e+00
-3.799500703811645508e+00
-3.981294393539428711e+00
-3.972204446792602539e+00
-4.190357685089111328e+00
-3.399552583694458008e+00
-3.835858821868896484e+00
-3.272296428680419922e+00
6.362802982330322266e-01
2.472401857376098633e+00
4.117640495300292969e+00
3.981294393539428711e+00
4.108550548553466797e+00
4.044922351837158203e+00
2.536030292510986328e+00
8.271641135215759277e-01
5.453843250870704651e-02
-5.272034406661987305e-01
-1.381636023521423340e+00
-2.772362470626831055e+00
-4.054011821746826172e+00
-2.572388648986816406e+00
-1.908838152885437012e-01
9.271512031555175781e-01
2.881438732147216797e+00
2.181531667709350586e+00
6.090110540390014648e-01
-1.799763321876525879e+00
-3.390463113784790039e+00
-3.563167572021484375e+00
-4.063102245330810547e+00
-3.981294631958007812e+00
-3.881307363510131836e+00
-4.017653465270996094e+00
-1.381636738777160645e+00
7.635359764099121094e-01
3.581347227096557617e+00
4.190357685089111328e+00
4.044922351837158203e+00
4.117640018463134766e+00
3.754051685333251953e+00
4.090371131896972656e+00
3.754051685333251953e+00
3.754051685333251953e+00
3.808589935302734375e+00
4.117640018463134766e+00
3.799500226974487305e+00
3.835859060287475586e+00
3.954025506973266602e+00
3.908577203750610352e+00
3.881308078765869141e+00
3.617705583572387695e+00
3.926755905151367188e+00
3.935845613479614258e+00
4.163088798522949219e+00
3.954025506973266602e+00
3.944936037063598633e+00
3.826769113540649414e+00
4.090371131896972656e+00
3.826769351959228516e+00
3.654064655303955078e+00
4.135819435119628906e+00
4.126729488372802734e+00
3.999473333358764648e+00
3.881308078765869141e+00
3.954025030136108398e+00
3.999473810195922852e+00
3.908577203750610352e+00
3.672244548797607422e+00
4.063101768493652344e+00
4.226716518402099609e+00
3.881308078765869141e+00
3.672244548797607422e+00
4.026742935180664062e+00
3.681333541870117188e+00
3.835858821868896484e+00
3.963114738464355469e+00
3.963115215301513672e+00
3.917666196823120117e+00
4.054012298583984375e+00
3.672244548797607422e+00
3.999474048614501953e+00
4.135818958282470703e+00
3.999473810195922852e+00
3.781320810317993164e+00
4.263075828552246094e+00
4.217626571655273438e+00
3.772231340408325195e+00
3.881307601928710938e+00
8.362538218498229980e-01
-3.045054197311401367e+00
-3.899487257003784180e+00
-3.708603382110595703e+00
-2.426953792572021484e+00
-5.181136727333068848e-01
2.726921625435352325e-02
1.172572731971740723e+00
2.399683952331542969e+00
4.054012298583984375e+00
4.235806465148925781e+00
2.699644565582275391e+00
2.636017203330993652e-01
-2.181530147790908813e-01
-1.617969274520874023e+00
-3.817679405212402344e+00
-2.445132732391357422e+00
-4.635759592056274414e-01
-1.727043241262435913e-01
-9.089739061892032623e-03
1.454351097345352173e-01
-2.726914584636688232e-01
-4.544799029827117920e-02
-3.635888695716857910e-01
-1.672506928443908691e+00
-8.907915949821472168e-01
-6.362816691398620605e-02
9.998641908168792725e-02
-9.089738875627517700e-02
2.181530147790908813e-01
1.417994976043701172e+00
4.272163212299346924e-01
-1.545248478651046753e-01
-2.272427678108215332e-01
-2.181530147790908813e-01
-9.089739061892032623e-03
-1.363453865051269531e-01
-2.817811965942382812e-01
2.545119822025299072e-01
3.999471068382263184e-01
8.817024827003479004e-01
3.635881543159484863e-01
2.545119822025299072e-01
1.181658953428268433e-01
2.726914584636688232e-01
2.545119822025299072e-01
-1.090765833854675293e+00
-1.281649708747863770e+00
-4.544869437813758850e-02
4.544869437813758850e-02
1.363460868597030640e-01
2.090632766485214233e-01
-1.272563338279724121e-01
5.453843250870704651e-02
1.817940771579742432e-01
3.181401491165161133e-01
2.181530952453613281e+00
5.362932085990905762e-01
2.363325059413909912e-01
-1.999735534191131592e-01
-9.998712688684463501e-02
2.545119822025299072e-01
-1.817947812378406525e-02
-6.271898746490478516e-01
1.454351097345352173e-01
-1.272556334733963013e-01
-1.817947812378406525e-02
-5.453843250870704651e-02
-5.453843250870704651e-02
-2.726921625435352325e-02
-8.180765062570571899e-02
5.453843250870704651e-02
-6.362746655941009521e-02
2.272427678108215332e-01
-3.363189101219177246e-01
-9.089739061892032623e-03
2.908709347248077393e-01
-1.817947812378406525e-02
9.089739061892032623e-03
1.817940771579742432e-01
2.181530147790908813e-01
-1.090761646628379822e-01
4.544869437813758850e-02
-5.453772470355033875e-02
9.089739061892032623e-03
-1.727043241262435913e-01
-3.635895624756813049e-02
-9.089739061892032623e-03
1.454351097345352173e-01
1.090765073895454407e-01
2.545116245746612549e-01
-1.454354673624038696e-01
-1.090765073895454407e-01
4.544851928949356079e-02
-2.726904116570949554e-02
2.272428572177886963e-01
7.271773368120193481e-02
5.453828349709510803e-02
7.271771132946014404e-02
-5.453825369477272034e-02
9.089739061892032623e-03
1.454352885484695435e-01
-1.636147648096084595e-01
-7.271791249513626099e-02
1.363457292318344116e-01
-1.181662529706954956e-01
1.636149436235427856e-01
-8.180765062570571899e-02
2.636017203330993652e-01
1.817940771579742432e-01
-2.817808389663696289e-01
-1.817947812378406525e-02
-1.272559911012649536e-01
3.635895624756813049e-02
2.454222440719604492e-01
2.090632766485214233e-01
1.454351097345352173e-01
1.181662529706954956e-01
2.908709347248077393e-01
1.181662529706954956e-01
5.453843250870704651e-02
5.453843250870704651e-02
1.454354673624038696e-01
-2.272427678108215332e-01
1.454351097345352173e-01
-2.363325059413909912e-01
-4.544869437813758850e-02
1.636149436235427856e-01
-2.817808389663696289e-01
6.362781673669815063e-02
1.817947812378406525e-02
-1.181666105985641479e-01
-2.545119822025299072e-01
7.271755486726760864e-02
1.727046817541122437e-01
-6.362781673669815063e-02
1.817947812378406525e-02
1.636146008968353271e-01
5.453843250870704651e-02
8.180730044841766357e-02
-1.090761646628379822e-01
-9.998677670955657959e-02
1.545252054929733276e-01
-4.453965127468109131e-01
4.544869437813758850e-02
2.181533724069595337e-01
1.999735534191131592e-01
-2.726918160915374756e-01
