1.558602623404894860e+00
1.583686936155030534e+00
1.578679069419100411e+00
1.563753264718095615e+00
1.553685827848108048e+00
1.548494192655239576e+00
1.552934308986356760e+00
1.553674680262949970e+00
1.550234463462204726e+00
1.548953088577065262e+00
1.545902610033562441e+00
1.550418027791801379e+00
1.557090097748910829e+00
1.551528684976616113e+00
1.549606606744313719e+00
1.553987617266328947e+00
1.547960690841166720e+00
1.545450217103186308e+00
1.550359680107902260e+00
1.548199689921597955e+00
1.539868494126466647e+00
1.541494428326540156e+00
1.544210327649954140e+00
1.531692322219224245e+00
1.524147979642624495e+00
1.529346725153740927e+00
1.525838464111864745e+00
1.518470399771043589e+00
1.507587557365698494e+00
1.497086461938868185e+00
1.494205977830074250e+00
1.496997134232750382e+00
1.494548374412492997e+00
1.486544769108981257e+00
1.482634825427839420e+00
1.483882959201105134e+00
1.487950711393558167e+00
1.476512876064020041e+00
1.467217140200264058e+00
1.469862507371658022e+00
1.471057875523618552e+00
1.470034947936972092e+00
1.469701376675079940e+00
1.470327960363944086e+00
1.470654464199642852e+00
1.470358988760559260e+00
1.466968876543528921e+00
1.469988060653268036e+00
1.463480067404497653e+00
1.451262055203952350e+00
1.457989371806743151e+00
1.467783704587853677e+00
1.506300209484161101e+00
1.580570931518487043e+00
1.612061549309210307e+00
1.616723492863660017e+00
1.619256073278672048e+00
1.616253574085118494e+00
1.613687556980370363e+00
1.607683831341185865e+00
1.608444676120667438e+00
1.604269689509052910e+00
1.604256549660921793e+00
1.603871152611268336e+00
1.604109463947122283e+00
1.603961728506434037e+00
1.603343361986849125e+00
1.602725418735142959e+00
1.602107201572336770e+00
1.602234799534330234e+00
1.602240713123804561e+00
1.602082109721721936e+00
1.602048314227507930e+00
1.602416854288650327e+00
1.602398499978851865e+00
1.602114494312640192e+00
1.602284522683649737e+00
1.601897051077190159e+00
1.602006648935677680e+00
1.601079251430749029e+00
1.601649481511238982e+00
1.601053192632497568e+00
1.602168715976635127e+00
1.601799199123615791e+00
1.601800538259078532e+00
1.601267844579761013e+00
1.601765323887946568e+00
1.600964062086657425e+00
1.600949625911541219e+00
1.600732606004565017e+00
1.601218164081857021e+00
1.601052812157643057e+00
1.600752742235462156e+00
1.600943845053774073e+00
1.600505157389911837e+00
1.600483239900203358e+00
1.600025975186912142e+00
1.600390898565958064e+00
1.600538592023208251e+00
1.600127841081754543e+00
1.600549481539064178e+00
1.599716797445304373e+00
1.600592604224395421e+00
1.599812534360278704e+00
1.600387317113641794e+00
1.599694512993062201e+00
1.600108980971167938e+00
1.600124365851721908e+00
1.600085322406358923e+00
1.599953179129749437e+00
1.600485398238645329e+00
1.600387448405994339e+00
1.600140787667803544e+00
1.600439840852474926e+00
1.599342270929272614e+00
1.600207663222846577e+00
1.598926040571233997e+00
1.599258329441032078e+00
1.599300453176090819e+00
1.599352970609249303e+00
1.599133526186433008e+00
1.599248427849304655e+00
1.599353707840505789e+00
1.598738651098991159e+00
1.599420450253624226e+00
1.599513290631654705e+00
1.598637289802939287e+00
1.599178716310302395e+00
1.599774425053177573e+00
1.598386956019031135e+00
1.599504830396701438e+00
1.599512625280179012e+00
1.598011450211572537e+00
1.599757633847259886e+00
1.599631687345684394e+00
1.598323801179464265e+00
1.599997658429810787e+00
1.598536147921211015e+00
1.598831508193928830e+00
1.600232049690794245e+00
1.597922850752825807e+00
1.599629552915196484e+00
1.599144504250098020e+00
1.598009671190377068e+00
1.599787195779038385e+00
1.598525849393486187e+00
1.598671399586041098e+00
1.599685945886812011e+00
1.598518247429759676e+00
1.599062067964541090e+00
1.599796796852709369e+00
1.597882155006309812e+00
1.599639792197175447e+00
1.599098886795851326e+00
1.598280622952730212e+00
1.599928408766316146e+00
1.598001310458064594e+00
1.599557688860689719e+00
1.599452562297256630e+00
1.598870569700016731e+00
1.599414668490398705e+00
1.598227359917510970e+00
1.599296339375070097e+00
1.599505292315634986e+00
1.598390508851112557e+00
1.599774816126717791e+00
1.598257847081069993e+00
1.598818968665539630e+00
1.600277716003539297e+00
1.597644622079677834e+00
1.599800266533171644e+00
1.598453188696003613e+00
1.598651307301018232e+00
1.600192786840530346e+00
1.598001938389456367e+00
1.599611446713795626e+00
1.599104454979766832e+00
1.598249173451003813e+00
1.599914963399849954e+00
1.598033655754813376e+00
1.599330754262020537e+00
1.599288359457383457e+00
1.597866859225970826e+00
1.600200524693747628e+00
1.597803481909203738e+00
1.599215636634149673e+00
1.599178725739394569e+00
1.597996892554827131e+00
1.599913262284056392e+00
1.597759285900656856e+00
1.599394785280821907e+00
1.599570189825428201e+00
1.597938155785107117e+00
1.599883012659000237e+00
1.597878746816706608e+00
1.599182323111855819e+00
1.599942157642976426e+00
1.597734635334501885e+00
1.600032749307941371e+00
1.598027400107700835e+00
1.598789576041594662e+00
