3.635884448885917664e-02
-4.090372025966644287e-01
1.636146008968353271e-01
2.272434681653976440e-01
-1.517982244491577148e+00
-1.008958101272583008e+00
2.636017203330993652e-01
1.272559463977813721e-01
-2.454222440719604492e-01
1.499802470207214355e+00
3.108681917190551758e+00
-2.090634107589721680e-01
3.908576071262359619e-01
-4.181267917156219482e-01
6.362799555063247681e-02
-2.272428274154663086e-01
-1.090765744447708130e-01
0.000000000000000000e+00
-7.271768897771835327e-02
-1.636148542165756226e-01
-2.726912684738636017e-02
-3.635882213711738586e-02
-4.544856399297714233e-02
-1.272559911012649536e-01
1.817938871681690216e-02
-9.998686611652374268e-02
-1.908839941024780273e-01
1.817938871681690216e-02
-2.636017203330993652e-01
-1.636147648096084595e-01
-5.090240836143493652e-01
9.998677670955657959e-02
-9.998677670955657959e-02
-5.453843250870704651e-02
-1.727045029401779175e-01
2.726904116570949554e-02
-1.636147648096084595e-01
6.362781673669815063e-02
2.272427678108215332e-01
-1.817944347858428955e-01
-5.453843250870704651e-02
-1.363457292318344116e-01
3.908576965332031250e-01
-2.181533724069595337e-01
1.454351097345352173e-01
-1.454358249902725220e-01
2.181537300348281860e-01
-2.726850844919681549e-02
-2.726921625435352325e-02
2.181530147790908813e-01
-2.545119822025299072e-01
2.817811965942382812e-01
1.817940771579742432e-01
2.090632766485214233e-01
-1.454351097345352173e-01
4.635753035545349121e-01
-4.272163212299346924e-01
-1.817947775125503540e-01
1.181666105985641479e-01
-3.635895624756813049e-02
-2.272434681653976440e-01
-9.998712688684463501e-02
1.090768650174140930e-01
-2.454229444265365601e-01
7.271791249513626099e-02
6.271905899047851562e-01
4.544869437813758850e-02
5.090239644050598145e-01
-2.817819118499755859e-01
-1.272563338279724121e-01
-1.727036237716674805e-01
2.454229444265365601e-01
-2.090625911951065063e-01
1.727050393819808960e-01
-6.362816691398620605e-02
2.636010050773620605e-01
-1.908845007419586182e-01
1.999728381633758545e-01
-2.636010050773620605e-01
1.181651949882507324e-01
6.362816691398620605e-02
-2.908716499805450439e-01
3.908573389053344727e-01
-3.363189101219177246e-01
9.089598059654235840e-02
1.727050393819808960e-01
-1.454358249902725220e-01
2.090639919042587280e-01
9.089739061892032623e-03
-8.180765062570571899e-02
9.089739061892032623e-03
8.180765062570571899e-02
-6.199184417724609375e+00
5.999209880828857422e-01
-1.326189231872558594e+01
