-3.635885193943977356e-02
5.453843250870704651e-02
-4.272166788578033447e-01
3.635885119438171387e-01
-5.090239048004150391e-01
4.635753929615020752e-01
-2.454222440719604492e-01
5.090239644050598145e-01
-6.362799555063247681e-02
4.635754227638244629e-01
-2.999603152275085449e-01
1.454354673624038696e-01
2.726914584636688232e-01
1.817947812378406525e-02
-1.181662529706954956e-01
3.090504109859466553e-01
2.726921625435352325e-02
3.544991016387939453e-01
9.089739061892032623e-03
2.454222440719604492e-01
-8.180765062570571899e-02
2.726914584636688232e-01
-1.090768650174140930e-01
5.453843250870704651e-02
4.908444881439208984e-01
4.544869437813758850e-02
1.817947812378406525e-02
4.363060295581817627e-01
-3.635888695716857910e-01
2.090632766485214233e-01
-2.726907730102539062e-01
1.999735534191131592e-01
-2.090639919042587280e-01
2.363317906856536865e-01
-9.089738875627517700e-02
-9.089738875627517700e-02
2.817819118499755859e-01
3.635895624756813049e-02
-7.271791249513626099e-02
3.090496957302093506e-01
7.271791249513626099e-02
1.090768650174140930e-01
2.726921737194061279e-01
2.090625911951065063e-01
8.180765062570571899e-02
-2.272434681653976440e-01
4.908458888530731201e-01
-1.363460868597030640e-01
5.272034406661987305e-01
-1.272549331188201904e-01
3.635895624756813049e-02
3.817690014839172363e-01
-1.817947812378406525e-02
-2.999599575996398926e-01
1.817947812378406525e-02
2.181523293256759644e-01
2.999613583087921143e-01
2.181537300348281860e-01
-4.272163212299346924e-01
9.998712688684463501e-02
-5.453843250870704651e-02
-3.090496957302093506e-01
3.544983863830566406e-01
-2.726921625435352325e-02
-1.454358249902725220e-01
2.272434681653976440e-01
-4.363060295581817627e-01
-9.998712688684463501e-02
1.181666105985641479e-01
9.089738875627517700e-02
1.817933768033981323e-01
-2.272420525550842285e-01
1.636138856410980225e-01
7.271791249513626099e-02
-1.090768650174140930e-01
2.817819118499755859e-01
-2.181537300348281860e-01
6.362816691398620605e-02
2.090639919042587280e-01
-1.454358249902725220e-01
3.454100787639617920e-01
-1.727050393819808960e-01
1.636153012514114380e-01
3.635895624756813049e-02
2.272434681653976440e-01
1.636153012514114380e-01
4.726664423942565918e-01
-2.090639919042587280e-01
-1.090768650174140930e-01
-9.998571872711181641e-02
2.726921625435352325e-02
3.817690014839172363e-01
-2.999599575996398926e-01
5.453701689839363098e-02
1.272563338279724121e-01
6.362816691398620605e-02
1.363460868597030640e-01
-2.817804813385009766e-01
-8.180623501539230347e-02
-8.180623501539230347e-02
-9.089739061892032623e-03
