-1.875689762061534704e+00
-1.805164845184935807e+00
-1.706035473053489238e+00
-9.171058573426132954e-01
1.174702517098964449e-01
1.190677656028308551e+00
2.299115086809385922e+00
-2.962486024794887207e+00
-1.956166501764087684e+00
-9.370679849947736173e-01
2.016475733415457050e-01
1.181752261599538611e+00
2.342981330629329673e+00
-3.044632972757196576e+00
-2.022880594026788881e+00
-1.003537349290223091e+00
1.060017415759854087e-01
1.092131933787453102e+00
2.189999421700265625e+00
-3.062945725558708254e+00
-2.077890127610237947e+00
-1.067213323439671679e+00
1.284718221407966432e+00
1.446159103627269404e+00
2.115291574932606444e+00
3.129678464708227192e+00
-2.134367584464526679e+00
-9.917201077823788458e-01
-1.258911908372722932e-01
1.027682591669091927e+00
1.954797106043830723e+00
3.046454108038951336e+00
-2.225448354994689737e+00
-1.142788975431736409e+00
-1.355045204927258773e-01
8.766748744926058379e-01
1.878779943773317029e+00
2.898310707005857356e+00
-2.275457690713643011e+00
-1.242730546939278202e+00
-1.173989144218887670e-01
8.120831485057583565e-01
1.819779363406199613e+00
2.835132899123803618e+00
-2.338986326954240802e+00
-1.371982169939254703e+00
-3.466966601953163085e-01
6.548300651370220216e-01
1.751490505631368322e+00
2.771955175307663666e+00
-2.512315217153866520e+00
-1.420238615970719653e+00
-4.131643645639276330e-01
6.128955040225165796e-01
1.716157454281734607e+00
2.716008501357630056e+00
-2.458414943237657635e+00
-1.551789136882144815e+00
-5.146773790305601004e-01
5.775242470567603092e-01
1.584931736520577061e+00
2.599266042174666058e+00
-2.598522147906666024e+00
-1.609811369227346578e+00
-4.792361381799905007e-01
5.752927539728232009e-01
1.550454928020278622e+00
2.573896544893012894e+00
-2.619781453444037567e+00
-1.657241379356360511e+00
-5.975669330574839844e-01
4.137900136918517546e-01
1.479211480998569472e+00
2.483542496408855271e+00
-2.689916552508334391e+00
-1.680082691823188368e+00
-6.690497269746551456e-01
3.727003566485336816e-01
1.422927571822877546e+00
2.435697561910411313e+00
-2.838103635072182662e+00
-1.740535290981025440e+00
-6.982857939403968039e-01
4.010056593546016401e-01
1.353543749627628134e+00
2.353995211171376667e+00
-2.804728463417429207e+00
-1.817273902271537622e+00
-8.029655278258476248e-01
2.986336429806571990e-01
1.311063565157613686e+00
2.319600040619130610e+00
-2.891716470754459589e+00
-1.860581429149243959e+00
-7.878963949026989155e-01
2.701988114136280039e-01
1.274472073610002809e+00
2.307823671969877033e+00
-2.953999148507642225e+00
-1.875717420196685081e+00
-9.114523592097324434e-01
9.232208265741526088e-02
1.175571982083166489e+00
2.184576777268362413e+00
-2.906829506141018094e+00
-1.975752132869502020e+00
-9.742125723034025242e-01
4.510310935097994189e-02
1.145091395597295225e+00
2.156180372033974280e+00
-3.107053818388088473e+00
-2.047691519893570788e+00
-9.955505460307843002e-01
-1.408943550420904689e-02
1.066713389930743050e+00
2.064051758462536856e+00
3.086686559550794406e+00
-2.072888607542727080e+00
-1.112339202867226762e+00
-9.629165607483392009e-02
1.032321585459199831e+00
2.002753723172832068e+00
1.415042363637791567e+00
2.550823027977293656e+00
-2.708510661649989881e+00
-2.126955481164608308e+00
-2.272168487925246172e+00
-1.279066760624583798e+00
-1.429537380731066287e-01
8.299057308811768063e-01
1.796380206835679560e+00
2.893631532752685143e+00
-2.360969695328537288e+00
-1.342798330401818285e+00
-3.383795499220898506e-01
7.428557540731690612e-01
1.838180633809176179e+00
2.798733673686726320e+00
-2.387770454001266529e+00
-1.388548488547947990e+00
-3.833091981657398284e-01
7.667207943418364868e-01
1.721508267060765318e+00
2.666293164282417472e+00
5.941389772076466347e-01
1.702639718178382111e+00
2.792742098671081585e+00
-2.400375101662160837e+00
-1.476731476498207130e+00
-4.462414627322961458e-01
5.541912362620884380e-01
1.652087672007358066e+00
1.740171548385820444e+00
-2.428598581787134503e+00
-1.555189127380888436e+00
-5.053201130642738237e-01
4.319577572025373735e-01
1.572174615076116888e+00
2.572739038364123765e+00
-2.603584868180255363e+00
-1.659831825941548544e+00
-6.194329766469635068e-01
4.758293837353368971e-01
1.491491187193179080e+00
2.496818181731487840e+00
-2.815900531734190526e+00
-1.735174831050638522e+00
-6.639993328303332998e-01
4.464100502492335809e-01
1.458416505213626424e+00
2.422936370236391301e+00
-2.785678749674200816e+00
-1.813446877301447158e+00
-7.771764228682891407e-01
3.717226291167659014e-01
1.389177258838061091e+00
2.402118193940359525e+00
-2.900948651666951150e+00
-1.818772846948304878e+00
-7.599510921654879514e-01
2.346744889311029869e-01
1.307978686821881675e+00
2.323991031788850581e+00
-2.933495201946548114e+00
-1.827110336681945668e+00
-8.275554797292217213e-01
1.010315621259025853e-01
1.191480017115894574e+00
2.199657751261246297e+00
-2.960008698463969523e+00
-1.940662099066554847e+00
-8.410787921444511372e-01
1.715099402081832203e-01
1.177335320097422589e+00
2.185909931078168889e+00
-2.968071320819116288e+00
-1.901520151639570777e+00
-7.996587638651817542e-01
1.521562277190122714e-01
1.142818207470581493e+00
2.246755002785887356e+00
-3.060710630710531621e+00
-2.078898714894880762e+00
-9.643897615205334617e-01
7.362651897098304588e-02
1.064453526247440163e+00
2.166188261684275584e+00
-3.037038347550854223e+00
-2.117223343403599856e+00
-1.020404767739830021e+00
2.980659119250717026e-03
1.113954594975570922e+00
2.128651304190387172e+00
-3.140883580923999663e+00
-2.128808622773391779e+00
-1.068402719372911758e+00
-4.189810223614265361e-02
9.115035654285914557e-01
2.001905768528929208e+00
3.033174340550311765e+00
-2.265928109611925478e+00
-1.185244865563904515e+00
-1.553406953485043651e-01
9.537053239395829607e-01
1.934709748098351056e+00
2.961453833263898439e+00
-2.298798979408112508e+00
-1.205213451080398901e+00
-2.012202244480396640e-01
7.924846341361352353e-01
1.755923321160618888e+00
2.916100662681739841e+00
-2.375177884896136238e+00
-1.382771252927423422e+00
-2.761248506480682430e-01
7.371516323937710169e-01
1.746385986762276410e+00
2.749066974973576993e+00
-2.448297314473833808e+00
-1.432464277484506443e+00
-4.289180512161866465e-01
6.752089892115746839e-01
1.693712344186139696e+00
2.720307443101620315e+00
-2.465700559245028956e+00
-1.528680754868767311e+00
-4.998967710783019935e-01
5.736983313110055605e-01
1.575793526279269718e+00
2.689236555427534370e+00
-2.584100259058967008e+00
-1.617668377356273668e+00
-5.723150993311906243e-01
4.472109521713760194e-01
1.514233540304572356e+00
2.516735910208616644e+00
-2.742006798614466057e+00
-1.770153827307352046e+00
-6.337899027646274330e-01
4.223012158138570449e-01
1.417787397877185551e+00
2.377307215709874022e+00
-2.845604372773163249e+00
-1.839573969419106669e+00
-7.565326845683854051e-01
2.487410797573885723e-01
1.265508860545601966e+00
2.348814495229401444e+00
-2.891674066189164449e+00
-1.914081032366874879e+00
-8.114443903232455568e-01
1.903931179281594943e-01
1.355092241043689860e+00
2.291163405679606413e+00
-3.015442973111305935e+00
-1.993574043267134055e+00
-8.989044584726324505e-01
8.940524255096571338e-02
1.125857467821175906e+00
2.121101741966264331e+00
-3.063992002167931439e+00
-2.077638338279522046e+00
-1.053604132401187332e+00
3.845324084142554000e-02
1.088824224065018109e+00
2.176541708362353944e+00
-3.078111908390242402e+00
-2.132109528314646063e+00
-1.130125569576349465e+00
-3.584435816929842922e-02
9.472374754610872749e-01
1.959125844013211104e+00
3.063669033041261258e+00
-2.190671241118639756e+00
-1.231784187996934010e+00
-2.207173218552851424e-01
8.708650419614989424e-01
1.845446442963577738e+00
2.853595270557709007e+00
-2.317295442446807296e+00
-1.273691587879288711e+00
-2.610227284734075726e-01
7.367677500017814074e-01
1.808425070037510629e+00
2.744444525515981059e+00
-2.467407335196160290e+00
-1.430989559350446916e+00
-4.055268823035835801e-01
6.077400519867910411e-01
1.709110719090956465e+00
2.708823642863180226e+00
-2.562955741561252943e+00
