0.000000000000000000e+00
0.000000000000000000e+00
1.817942596971988678e-02
-9.089712984859943390e-03
2.726913802325725555e-02
3.635885193943977356e-02
9.089712984859943390e-03
-9.089712984859943390e-03
0.000000000000000000e+00
-9.089712984859943390e-03
-2.726913802325725555e-02
0.000000000000000000e+00
9.089712984859943390e-03
1.817942596971988678e-02
9.089712984859943390e-03
9.089712984859943390e-03
0.000000000000000000e+00
0.000000000000000000e+00
-1.817942596971988678e-02
9.089712984859943390e-03
-9.089712984859943390e-03
-1.817942596971988678e-02
-1.817942596971988678e-02
9.089712984859943390e-03
-9.089712984859943390e-03
-9.089712984859943390e-03
0.000000000000000000e+00
9.089712984859943390e-03
0.000000000000000000e+00
1.817942596971988678e-02
-9.089712984859943390e-03
-9.089712984859943390e-03
0.000000000000000000e+00
-9.089712984859943390e-03
1.817942596971988678e-02
0.000000000000000000e+00
9.089712984859943390e-03
0.000000000000000000e+00
0.000000000000000000e+00
0.000000000000000000e+00
-1.817942596971988678e-02
1.817942596971988678e-02
0.000000000000000000e+00
0.000000000000000000e+00
9.089712984859943390e-03
-9.089712984859943390e-03
1.817942596971988678e-02
-1.817942596971988678e-02
-9.089712984859943390e-03
0.000000000000000000e+00
0.000000000000000000e+00
0.000000000000000000e+00
9.089712984859943390e-03
-9.089712984859943390e-03
-9.089712984859943390e-03
0.000000000000000000e+00
9.089712984859943390e-03
-9.089712984859943390e-03
9.089712984859943390e-03
0.000000000000000000e+00
9.089712984859943390e-03
-9.089712984859943390e-03
9.089712984859943390e-03
0.000000000000000000e+00
1.817942596971988678e-02
9.089712984859943390e-03
0.000000000000000000e+00
0.000000000000000000e+00
-1.817942596971988678e-02
9.089712984859943390e-03
-1.817942596971988678e-02
-9.089712984859943390e-03
-9.089712984859943390e-03
-9.089712984859943390e-03
0.000000000000000000e+00
9.089712984859943390e-03
9.089712984859943390e-03
1.817942596971988678e-02
0.000000000000000000e+00
9.089712984859943390e-03
1.817942596971988678e-02
0.000000000000000000e+00
9.089712984859943390e-03
-9.089712984859943390e-03
0.000000000000000000e+00
2.726913802325725555e-02
-1.817942596971988678e-02
-1.817942596971988678e-02
0.000000000000000000e+00
0.000000000000000000e+00
0.000000000000000000e+00
0.000000000000000000e+00
9.089712984859943390e-03
0.000000000000000000e+00
1.817942596971988678e-02
9.089712984859943390e-03
-1.817942596971988678e-02
9.089712984859943390e-03
-1.817942596971988678e-02
9.089712984859943390e-03
9.089712984859943390e-03
1.817942596971988678e-02
1.817942596971988678e-02
0.000000000000000000e+00
0.000000000000000000e+00
-3.635885193943977356e-02
0.000000000000000000e+00
0.000000000000000000e+00
0.000000000000000000e+00
9.089712984859943390e-03
9.089712984859943390e-03
0.000000000000000000e+00
9.089712984859943390e-03
-9.089712984859943390e-03
-9.089712984859943390e-03
1.817942596971988678e-02
0.000000000000000000e+00
0.000000000000000000e+00
-1.817942596971988678e-02
0.000000000000000000e+00
-1.817942596971988678e-02
9.089712984859943390e-03
-9.089712984859943390e-03
0.000000000000000000e+00
-1.817942596971988678e-02
0.000000000000000000e+00
9.089712984859943390e-03
-9.089712984859943390e-03
-2.726913802325725555e-02
0.000000000000000000e+00
1.817942596971988678e-02
9.089712984859943390e-03
9.089712984859943390e-03
0.000000000000000000e+00
9.089712984859943390e-03
0.000000000000000000e+00
0.000000000000000000e+00
0.000000000000000000e+00
-1.817942596971988678e-02
9.089712984859943390e-03
-1.817942596971988678e-02
-1.817942596971988678e-02
-9.089712984859943390e-03
0.000000000000000000e+00
-9.089712984859943390e-03
-1.817942596971988678e-02
9.089712984859943390e-03
9.089712984859943390e-03
-9.089712984859943390e-03
9.089712984859943390e-03
-1.817942596971988678e-02
0.000000000000000000e+00
0.000000000000000000e+00
9.089712984859943390e-03
-1.817942596971988678e-02
1.817942596971988678e-02
9.089712984859943390e-03
9.089712984859943390e-03
9.089712984859943390e-03
-2.726913802325725555e-02
0.000000000000000000e+00
1.817942596971988678e-02
1.817942596971988678e-02
0.000000000000000000e+00
1.817942596971988678e-02
-1.817942596971988678e-02
-1.817942596971988678e-02
0.000000000000000000e+00
-3.635885193943977356e-02
2.726913802325725555e-02
-1.817942596971988678e-02
0.000000000000000000e+00
9.089712984859943390e-03
0.000000000000000000e+00
0.000000000000000000e+00
9.089712984859943390e-03
-1.817942596971988678e-02
-3.635885193943977356e-02
-1.181662529706954956e-01
-5.453834310173988342e-02
-2.726913802325725555e-02
2.726912684738636017e-02
2.726912684738636017e-02
2.272428572177886963e-01
8.180738240480422974e-02
7.271764427423477173e-02
8.180738240480422974e-02
0.000000000000000000e+00
1.090765073895454407e-01
2.726904116570949554e-02
-9.998677670955657959e-02
0.000000000000000000e+00
-6.362799555063247681e-02
5.453825369477272034e-02
7.271773368120193481e-02
4.544851928949356079e-02
2.090632766485214233e-01
-1.817947812378406525e-02
-1.090765073895454407e-01
-4.544869437813758850e-02
-9.089703857898712158e-02
-9.089703857898712158e-02
5.453825369477272034e-02
1.272559911012649536e-01
-1.181662529706954956e-01
-9.998677670955657959e-02
2.726921625435352325e-02
1.545252054929733276e-01
9.089703857898712158e-02
1.545252054929733276e-01
-2.726921625435352325e-02
-2.726921625435352325e-02
1.817942559719085693e-01
7.271755486726760864e-02
1.908838152885437012e-01
9.089703857898712158e-02
2.726914584636688232e-01
5.453843250870704651e-02
-1.908839941024780273e-01
3.635877743363380432e-02
1.545252054929733276e-01
-3.181400001049041748e-01
1.181662529706954956e-01
-9.089703857898712158e-02
2.726914584636688232e-01
-9.089721739292144775e-02
7.271773368120193481e-02
9.089721739292144775e-02
9.089739061892032623e-03
0.000000000000000000e+00
3.635895624756813049e-02
-2.181530147790908813e-01
1.817942559719085693e-01
0.000000000000000000e+00
2.090634554624557495e-01
-9.089562110602855682e-03
2.272427678108215332e-01
5.453825369477272034e-02
-8.180730044841766357e-02
-5.453825369477272034e-02
-8.180730044841766357e-02
-2.090632766485214233e-01
1.908839941024780273e-01
-3.635895624756813049e-02
5.453825369477272034e-02
0.000000000000000000e+00
1.454354673624038696e-01
1.181664317846298218e-01
-1.727045029401779175e-01
-6.362799555063247681e-02
5.453843250870704651e-02
-9.089739061892032623e-03
-4.544851928949356079e-02
1.090765073895454407e-01
-6.362799555063247681e-02
2.636017203330993652e-01
-2.454222440719604492e-01
2.726904116570949554e-02
2.908707559108734131e-01
-1.727045029401779175e-01
1.908839941024780273e-01
0.000000000000000000e+00
3.181400001049041748e-01
-1.090765073895454407e-01
4.544869437813758850e-02
4.544851928949356079e-02
-3.635895624756813049e-02
-6.362799555063247681e-02
-5.453825369477272034e-02
-6.362799555063247681e-02
3.635877743363380432e-02
-2.726904116570949554e-02
-3.635877743363380432e-02
1.727045029401779175e-01
1.272559911012649536e-01
1.545252054929733276e-01
-1.454352885484695435e-01
-9.998677670955657959e-02
8.180747181177139282e-02
5.453825369477272034e-02
9.998677670955657959e-02
1.545250266790390015e-01
1.272559911012649536e-01
-2.726904116570949554e-02
2.454222440719604492e-01
-2.817811965942382812e-01
1.090766862034797668e-01
-1.090766862034797668e-01
-1.363457292318344116e-01
1.454352885484695435e-01
1.454354673624038696e-01
-1.090765073895454407e-01
0.000000000000000000e+00
9.089739061892032623e-03
5.453825369477272034e-02
-9.998677670955657959e-02
-4.544851928949356079e-02
9.998677670955657959e-02
9.089739061892032623e-03
2.726921625435352325e-02
