7.180873751640319824e-01
8.271639347076416016e-01
9.089712984859943390e-03
1.636147648096084595e-01
3.181399345397949219e+00
9.653275489807128906e+00
1.034409427642822266e+01
1.003504371643066406e+01
1.028955554962158203e+01
9.980504989624023438e+00
1.004413318634033203e+01
1.014412021636962891e+01
1.029864501953125000e+01
1.000777435302734375e+01
9.980504989624023438e+00
1.008049201965332031e+01
1.033500289916992188e+01
9.989594459533691406e+00
1.010776138305664062e+01
9.962326049804687500e+00
9.962326049804687500e+00
1.005322265625000000e+01
1.018956851959228516e+01
1.029864501953125000e+01
9.816890716552734375e+00
9.825980186462402344e+00
9.880517959594726562e+00
9.853249549865722656e+00
1.028046512603759766e+01
9.935055732727050781e+00
1.000777435302734375e+01
1.038045310974121094e+01
1.022592735290527344e+01
1.001686382293701172e+01
9.980504989624023438e+00
1.025319766998291016e+01
9.980504989624023438e+00
1.020774841308593750e+01
1.001686382293701172e+01
1.008049201965332031e+01
1.038954162597656250e+01
9.825980186462402344e+00
9.898696899414062500e+00
1.002595424652099609e+01
1.003504371643066406e+01
1.008049201965332031e+01
1.007140254974365234e+01
1.014412021636962891e+01
1.014411926269531250e+01
1.001686382293701172e+01
9.716904640197753906e+00
1.011685085296630859e+01
9.998684883117675781e+00
9.898696899414062500e+00
1.014412021636962891e+01
1.022592735290527344e+01
9.989594459533691406e+00
1.014412021636962891e+01
9.916877746582031250e+00
1.005322265625000000e+01
1.019865798950195312e+01
1.010776138305664062e+01
1.007140254974365234e+01
9.962326049804687500e+00
9.689634323120117188e+00
9.907787322998046875e+00
1.021683883666992188e+01
1.018047904968261719e+01
1.007140254974365234e+01
1.005322265625000000e+01
1.015320968627929688e+01
1.000777435302734375e+01
9.953235626220703125e+00
1.020774841308593750e+01
1.005322265625000000e+01
9.953236579895019531e+00
1.016229915618896484e+01
1.014412021636962891e+01
9.862338066101074219e+00
1.008958148956298828e+01
9.807800292968750000e+00
1.028955554962158203e+01
1.023501777648925781e+01
1.015320968627929688e+01
9.971414566040039062e+00
9.862339019775390625e+00
9.971414566040039062e+00
1.010776138305664062e+01
1.036227321624755859e+01
9.844159126281738281e+00
1.025319766998291016e+01
1.006231307983398438e+01
9.898696899414062500e+00
1.013503074645996094e+01
1.005322265625000000e+01
9.716903686523437500e+00
1.013503074645996094e+01
1.015320968627929688e+01
1.029864501953125000e+01
9.889607429504394531e+00
9.780530929565429688e+00
9.835069656372070312e+00
9.925966262817382812e+00
1.022592735290527344e+01
9.880518913269042969e+00
1.007140254974365234e+01
1.048043918609619141e+01
1.008049201965332031e+01
9.998684883117675781e+00
1.004413318634033203e+01
1.022592735290527344e+01
9.980504989624023438e+00
9.835070610046386719e+00
1.012594032287597656e+01
1.010776138305664062e+01
9.898697853088378906e+00
9.862338066101074219e+00
1.020774841308593750e+01
1.012594032287597656e+01
1.041681098937988281e+01
1.013503074645996094e+01
9.862339019775390625e+00
9.953236579895019531e+00
9.980504989624023438e+00
1.018048000335693359e+01
1.033500289916992188e+01
9.916876792907714844e+00
9.971414566040039062e+00
9.835070610046386719e+00
9.662365913391113281e+00
9.980504989624023438e+00
1.021683883666992188e+01
9.825980186462402344e+00
1.040772247314453125e+01
1.014412021636962891e+01
1.012594032287597656e+01
9.925966262817382812e+00
1.006231307983398438e+01
1.011685085296630859e+01
1.021683788299560547e+01
1.001686382293701172e+01
1.020774841308593750e+01
1.003504371643066406e+01
1.019865894317626953e+01
1.013503074645996094e+01
9.889607429504394531e+00
1.018048000335693359e+01
9.953235626220703125e+00
9.862339019775390625e+00
1.008958148956298828e+01
1.022592735290527344e+01
9.671455383300781250e+00
9.944146156311035156e+00
1.028955554962158203e+01
1.001686382293701172e+01
1.008958148956298828e+01
9.925966262817382812e+00
9.989594459533691406e+00
9.980504989624023438e+00
9.953235626220703125e+00
1.005322265625000000e+01
1.007140254974365234e+01
9.953235626220703125e+00
1.022592830657958984e+01
1.023501682281494141e+01
1.008049201965332031e+01
9.835070610046386719e+00
1.012594032287597656e+01
1.005322265625000000e+01
1.034409427642822266e+01
9.935055732727050781e+00
9.862338066101074219e+00
1.006231307983398438e+01
9.771441459655761719e+00
1.029864501953125000e+01
9.798710823059082031e+00
1.037136268615722656e+01
1.028955554962158203e+01
1.010776138305664062e+01
9.898697853088378906e+00
1.019865798950195312e+01
1.009867191314697266e+01
1.015320968627929688e+01
1.036227321624755859e+01
9.853248596191406250e+00
1.027137660980224609e+01
1.002595424652099609e+01
9.953235626220703125e+00
1.004413318634033203e+01
1.001686382293701172e+01
9.862339019775390625e+00
1.017138957977294922e+01
1.011685085296630859e+01
9.989594459533691406e+00
1.030773544311523438e+01
9.980504989624023438e+00
9.862338066101074219e+00
1.012594032287597656e+01
1.012594032287597656e+01
9.953235626220703125e+00
9.862338066101074219e+00
1.018956851959228516e+01
1.005322265625000000e+01
1.005322265625000000e+01
1.006231307983398438e+01
1.031682395935058594e+01
9.907787322998046875e+00
1.008049201965332031e+01
1.004413318634033203e+01
9.989594459533691406e+00
1.001686382293701172e+01
1.006231307983398438e+01
1.004413318634033203e+01
1.032591438293457031e+01
9.916876792907714844e+00
1.006231307983398438e+01
9.916876792907714844e+00
1.007140254974365234e+01
1.001686382293701172e+01
1.010776138305664062e+01
1.010776138305664062e+01
1.017138957977294922e+01
1.012594032287597656e+01
1.003504371643066406e+01
9.844159126281738281e+00
1.021683883666992188e+01
9.798710823059082031e+00
1.000777435302734375e+01
1.029864597320556641e+01
1.005322265625000000e+01
9.916876792907714844e+00
9.898697853088378906e+00
1.005322265625000000e+01
1.015320968627929688e+01
1.020774745941162109e+01
1.008049201965332031e+01
1.008958148956298828e+01
9.853248596191406250e+00
9.816889762878417969e+00
1.013503074645996094e+01
9.853248596191406250e+00
9.971414566040039062e+00
1.020774745941162109e+01
1.031682395935058594e+01
1.001686382293701172e+01
9.880518913269042969e+00
9.798710823059082031e+00
9.944147109985351562e+00
9.935055732727050781e+00
1.005322265625000000e+01
1.015320968627929688e+01
9.862338066101074219e+00
1.018047904968261719e+01
9.871429443359375000e+00
9.971414566040039062e+00
1.040772151947021484e+01
9.735083580017089844e+00
9.898697853088378906e+00
1.039863109588623047e+01
9.925967216491699219e+00
1.021683883666992188e+01
9.953235626220703125e+00
9.698724746704101562e+00
1.001686382293701172e+01
1.006231307983398438e+01
1.017138957977294922e+01
9.844159126281738281e+00
1.016229915618896484e+01
9.980504989624023438e+00
1.010776138305664062e+01
1.001686382293701172e+01
9.853249549865722656e+00
9.935056686401367188e+00
1.003504371643066406e+01
1.019865894317626953e+01
1.006231307983398438e+01
1.020774841308593750e+01
1.005322265625000000e+01
1.028955554962158203e+01
1.033500385284423828e+01
9.735083580017089844e+00
1.027137565612792969e+01
1.025319766998291016e+01
9.807800292968750000e+00
1.006231307983398438e+01
1.017138862609863281e+01
1.028955554962158203e+01
1.012594032287597656e+01
9.725993156433105469e+00
9.762351989746093750e+00
9.735082626342773438e+00
1.017138957977294922e+01
1.016229915618896484e+01
1.003504371643066406e+01
9.971414566040039062e+00
1.021683788299560547e+01
9.880518913269042969e+00
1.020774841308593750e+01
9.844159126281738281e+00
9.626006126403808594e+00
9.816889762878417969e+00
1.028955650329589844e+01
1.038954257965087891e+01
9.916876792907714844e+00
1.005322265625000000e+01
9.716904640197753906e+00
1.007140254974365234e+01
1.036227321624755859e+01
1.001686382293701172e+01
1.005322265625000000e+01
1.016229915618896484e+01
