3.084740441074049766e+00
3.084740441074049766e+00
3.084740441074049766e+00
3.084740441074049766e+00
3.084740441074049766e+00
3.084740441074049766e+00
3.084740441074049766e+00
3.084740441074049766e+00
3.084740441074049766e+00
3.084740441074049766e+00
3.084740441074049766e+00
3.084740441074049766e+00
3.084740441074049766e+00
3.084740441074049766e+00
3.084740441074049766e+00
3.084740441074049766e+00
3.084740441074049766e+00
3.084740441074049766e+00
3.084740441074049766e+00
3.084740441074049766e+00
3.084740441074049766e+00
3.084740441074049766e+00
3.084740441074049766e+00
3.084740441074049766e+00
3.084740441074049766e+00
3.084740441074049766e+00
3.084740441074049766e+00
3.084740441074049766e+00
3.084740441074049766e+00
3.084740441074049766e+00
3.084740441074049766e+00
3.084740441074049766e+00
3.084740441074049766e+00
3.084740441074049766e+00
3.084740441074049766e+00
3.084740441074049766e+00
3.084740441074049766e+00
3.084740441074049766e+00
3.084740441074049766e+00
3.084740441074049766e+00
3.084740441074049766e+00
3.084740441074049766e+00
3.084740441074049766e+00
3.084740441074049766e+00
3.084740441074049766e+00
3.084740441074049766e+00
3.084740441074049766e+00
3.084740441074049766e+00
3.084740441074049766e+00
3.084740441074049766e+00
3.084740441074049766e+00
3.084740441074049766e+00
3.084740441074049766e+00
3.084740441074049766e+00
3.084740441074049766e+00
3.084740441074049766e+00
3.084740441074049766e+00
3.084740441074049766e+00
3.084740441074049766e+00
3.084740441074049766e+00
3.084740441074049766e+00
3.084740441074049766e+00
3.084740441074049766e+00
3.084740441074049766e+00
3.084740441074049766e+00
3.084740441074049766e+00
3.084740441074049766e+00
3.084740441074049766e+00
3.084740441074049766e+00
3.084740441074049766e+00
3.084740441074049766e+00
3.084740441074049766e+00
3.084740441074049766e+00
3.084740441074049766e+00
3.084740441074049766e+00
3.084740441074049766e+00
3.084740441074049766e+00
3.084740441074049766e+00
3.084740441074049766e+00
3.084740441074049766e+00
3.084740441074049766e+00
3.084740441074049766e+00
3.084740441074049766e+00
3.084740441074049766e+00
3.084740441074049766e+00
3.084740441074049766e+00
3.084740441074049766e+00
3.084740441074049766e+00
3.084740441074049766e+00
3.084740441074049766e+00
3.084740441074049766e+00
3.084740441074049766e+00
3.084740441074049766e+00
3.084740441074049766e+00
3.084740441074049766e+00
3.084740441074049766e+00
3.084740441074049766e+00
3.084740441074049766e+00
3.084740441074049766e+00
3.084740441074049766e+00
3.084740441074049766e+00
3.084740441074049766e+00
3.084740441074049766e+00
3.084740441074049766e+00
3.084740441074049766e+00
3.084740441074049766e+00
3.084740441074049766e+00
3.084740441074049766e+00
3.084740441074049766e+00
3.084740441074049766e+00
3.084740441074049766e+00
3.084740441074049766e+00
3.084740441074049766e+00
3.084740441074049766e+00
3.084740441074049766e+00
3.084740441074049766e+00
3.084740441074049766e+00
3.084740441074049766e+00
3.084740441074049766e+00
3.084740441074049766e+00
3.084740441074049766e+00
3.084740441074049766e+00
3.084740441074049766e+00
3.084740441074049766e+00
3.084740441074049766e+00
3.084740441074049766e+00
3.084740441074049766e+00
3.084740441074049766e+00
3.084740441074049766e+00
3.084740441074049766e+00
3.084740441074049766e+00
3.084740441074049766e+00
3.084740441074049766e+00
3.084740441074049766e+00
3.084740441074049766e+00
3.084740441074049766e+00
3.084740441074049766e+00
3.084740441074049766e+00
3.084740441074049766e+00
3.084740441074049766e+00
3.084740441074049766e+00
3.084740441074049766e+00
3.084740441074049766e+00
3.084740441074049766e+00
3.084740441074049766e+00
3.084740441074049766e+00
3.084740441074049766e+00
3.084740441074049766e+00
3.084740441074049766e+00
3.084740441074049766e+00
3.084740441074049766e+00
3.084740441074049766e+00
3.084740441074049766e+00
3.084740441074049766e+00
3.084740441074049766e+00
3.084740441074049766e+00
3.084740441074049766e+00
3.084740441074049766e+00
3.084740441074049766e+00
3.084740441074049766e+00
3.084740441074049766e+00
3.084740441074049766e+00
3.084740441074049766e+00
3.084740441074049766e+00
3.084740441074049766e+00
3.084740441074049766e+00
3.084740441074049766e+00
3.084740441074049766e+00
3.084740441074049766e+00
3.084740441074049766e+00
3.084740441074049766e+00
3.084740441074049766e+00
3.084740441074049766e+00
3.084740441074049766e+00
3.084740441074049766e+00
3.084740441074049766e+00
3.084740441074049766e+00
3.084740441074049766e+00
3.084740441074049766e+00
3.084740441074049766e+00
3.084740441074049766e+00
3.084740441074049766e+00
3.084740441074049766e+00
3.084740441074049766e+00
3.084740441074049766e+00
3.084740441074049766e+00
3.084740441074049766e+00
3.084740441074049766e+00
3.084740441074049766e+00
3.084740441074049766e+00
3.084740441074049766e+00
3.084740441074049766e+00
3.084740441074049766e+00
3.084740441074049766e+00
3.084740441074049766e+00
3.084740441074049766e+00
3.084740441074049766e+00
3.084740441074049766e+00
3.084740441074049766e+00
3.084740441074049766e+00
3.084740441074049766e+00
3.084740441074049766e+00
3.084740441074049766e+00
3.084740441074049766e+00
3.084740441074049766e+00
3.084740441074049766e+00
3.084740441074049766e+00
3.084740441074049766e+00
3.084740441074049766e+00
3.084740441074049766e+00
3.084740441074049766e+00
3.084740441074049766e+00
3.084740441074049766e+00
3.084740441074049766e+00
3.084740441074049766e+00
3.084740441074049766e+00
3.084740441074049766e+00
3.084740441074049766e+00
3.084740441074049766e+00
3.084740441074049766e+00
3.084740441074049766e+00
3.084740441074049766e+00
3.084740441074049766e+00
3.084740441074049766e+00
3.084740441074049766e+00
3.084740441074049766e+00
3.084740441074049766e+00
3.084740441074049766e+00
3.084740441074049766e+00
2.998966532466040835e-02
-1.438475250296958885e+00
-1.420159887725097825e+00
-1.405887419962019935e+00
-1.391893103594287417e+00
-1.386785849336228171e+00
-1.375774134945870530e+00
-1.372775319002670802e+00
-1.377654857514889697e+00
-1.393810674486021473e+00
-1.395587482766452503e+00
-1.382728221243195499e+00
-1.371683054358060039e+00
-1.366286201392696631e+00
-1.354317620667511157e+00
-1.352294434019233993e+00
-1.341454436822058449e+00
-1.344825442003496185e+00
-1.349439954215365001e+00
-1.345360861376649453e+00
-1.346762344667054023e+00
-1.330198606702228448e+00
-1.343868662133141934e+00
-1.331843880968868632e+00
-1.316730631703577847e+00
-1.310747721558374934e+00
-1.312749707224103224e+00
-1.322880248431476780e+00
-1.325177877306026542e+00
-1.326829383991674272e+00
-1.318780207977061414e+00
-1.304370964264777388e+00
-1.299227167744293032e+00
-1.296823624206755676e+00
-1.298731091465841869e+00
-1.306102934740579480e+00
-1.298070136206597613e+00
-1.324021625312290062e+00
-1.320243016020037574e+00
-1.300094071321463263e+00
-1.298948225373895315e+00
-1.289833809772834128e+00
-1.284543654953886893e+00
-1.275027674599523486e+00
-1.269179831356857413e+00
-1.271066789960364263e+00
-1.258801107693771959e+00
-1.264797963837256400e+00
-1.273629014262909198e+00
-1.249391871145115740e+00
-1.243445066260423948e+00
-1.219535995298923980e+00
-1.216252259980364459e+00
-1.216407659371282257e+00
-1.229255371379861295e+00
-1.238481949308093633e+00
-1.231400649646450018e+00
-1.246679339998152836e+00
-1.231131213756766929e+00
-1.228299264219290698e+00
-1.216588540567357324e+00
-1.205855588991346483e+00
-1.203171203829974667e+00
-1.186755078261646723e+00
-1.201234888833606185e+00
-1.216617691742113871e+00
-1.233456308375936672e+00
-1.216074930922272923e+00
-1.204587027338473337e+00
-1.194746250830194700e+00
-1.181543104928225896e+00
