0.000000000000000000e+00
-1.272559911012649536e-01
2.363325059413909912e-01
-3.635860234498977661e-02
-4.544834420084953308e-02
4.544851928949356079e-02
6.362799555063247681e-02
6.362799555063247681e-02
1.817942596971988678e-02
-3.635885566473007202e-02
-4.544856399297714233e-02
9.089694358408451080e-03
3.635886684060096741e-02
1.181662976741790771e-01
2.726912684738636017e-02
-9.089650586247444153e-03
2.726912684738636017e-02
-5.453825369477272034e-02
-9.089712798595428467e-02
0.000000000000000000e+00
4.544858634471893311e-02
-7.271768897771835327e-02
2.726912684738636017e-02
-2.726912684738636017e-02
3.635886684060096741e-02
-1.272559911012649536e-01
-5.453825369477272034e-02
7.271770387887954712e-02
-9.998684376478195190e-02
-1.817943342030048370e-02
-1.545251160860061646e-01
-1.181662976741790771e-01
-9.089739061892032623e-03
-1.817943342030048370e-02
0.000000000000000000e+00
-1.363456845283508301e-01
-7.271768897771835327e-02
-9.089739061892032623e-03
-1.090765520930290222e-01
-7.271768897771835327e-02
5.453827604651451111e-02
-9.089713916182518005e-03
-2.726913802325725555e-02
2.726913802325725555e-02
-9.089713916182518005e-03
-9.089712984859943390e-03
-9.089712984859943390e-03
-1.817942596971988678e-02
1.817942224442958832e-02
0.000000000000000000e+00
-8.180742710828781128e-02
-8.180742710828781128e-02
1.181662976741790771e-01
1.272559911012649536e-01
7.180873155593872070e-01
4.090371131896972656e-01
1.727045476436614990e-01
-4.544856771826744080e-02
5.453828349709510803e-02
-5.453827604651451111e-02
-2.726913802325725555e-02
1.817942783236503601e-02
0.000000000000000000e+00
4.544856771826744080e-02
-1.817942783236503601e-02
-9.089716710150241852e-03
-5.453827604651451111e-02
1.817942224442958832e-02
-1.817942783236503601e-02
-9.089712984859943390e-03
9.089711122214794159e-03
-9.089716710150241852e-03
9.089713916182518005e-03
-3.635885193943977356e-02
1.817942783236503601e-02
-1.817943342030048370e-02
5.453827604651451111e-02
0.000000000000000000e+00
-9.089711122214794159e-03
-9.089716710150241852e-03
-1.817942224442958832e-02
2.726913802325725555e-02
-5.453827604651451111e-02
3.635885193943977356e-02
-5.453827604651451111e-02
1.817942783236503601e-02
-2.726913802325725555e-02
-9.089716710150241852e-03
0.000000000000000000e+00
-9.089716710150241852e-03
3.635885566473007202e-02
-2.726913802325725555e-02
4.544856771826744080e-02
3.635885193943977356e-02
-3.635885566473007202e-02
0.000000000000000000e+00
-3.635885566473007202e-02
5.453827604651451111e-02
-5.453827604651451111e-02
4.544856771826744080e-02
-3.635885566473007202e-02
1.817942783236503601e-02
9.089716710150241852e-03
-3.635884448885917664e-02
3.635885566473007202e-02
-1.817942596971988678e-02
7.271770387887954712e-02
2.726913802325725555e-02
-1.817942224442958832e-02
1.817942596971988678e-02
-4.544857516884803772e-02
-5.453828349709510803e-02
-1.817942224442958832e-02
1.817943342030048370e-02
-1.817942224442958832e-02
1.817942783236503601e-02
0.000000000000000000e+00
0.000000000000000000e+00
-9.089712984859943390e-03
0.000000000000000000e+00
3.635885193943977356e-02
-1.817942596971988678e-02
-9.089712984859943390e-03
1.817942596971988678e-02
-9.089712984859943390e-03
-9.089712984859943390e-03
-1.817942783236503601e-02
-1.817942596971988678e-02
1.817942596971988678e-02
-1.817942224442958832e-02
1.817943342030048370e-02
-9.089712984859943390e-03
1.817942596971988678e-02
3.635885566473007202e-02
-9.089716710150241852e-03
-9.089713916182518005e-03
0.000000000000000000e+00
-1.817942224442958832e-02
-1.817942783236503601e-02
3.635885566473007202e-02
9.089711122214794159e-03
2.726913802325725555e-02
9.089711122214794159e-03
1.817942224442958832e-02
2.726913802325725555e-02
-9.089716710150241852e-03
2.726913802325725555e-02
9.089711122214794159e-03
-1.817942783236503601e-02
-1.817942783236503601e-02
-3.635885566473007202e-02
9.089713916182518005e-03
0.000000000000000000e+00
3.635885566473007202e-02
9.089716710150241852e-03
5.453827604651451111e-02
0.000000000000000000e+00
-3.635885566473007202e-02
2.726913802325725555e-02
-3.635885566473007202e-02
5.453827604651451111e-02
-1.817942596971988678e-02
9.089716710150241852e-03
1.817943342030048370e-02
0.000000000000000000e+00
9.089716710150241852e-03
0.000000000000000000e+00
4.544856399297714233e-02
9.089711122214794159e-03
1.817942596971988678e-02
1.817943342030048370e-02
-9.089705534279346466e-03
-2.726913802325725555e-02
2.726914174854755402e-02
-6.362799555063247681e-02
2.726913802325725555e-02
-3.635885193943977356e-02
3.635885193943977356e-02
9.089716710150241852e-03
0.000000000000000000e+00
9.089711122214794159e-03
-1.817942224442958832e-02
1.817942224442958832e-02
2.726913802325725555e-02
-2.726913802325725555e-02
2.726913802325725555e-02
-3.635885566473007202e-02
0.000000000000000000e+00
9.089716710150241852e-03
9.089716710150241852e-03
-2.726913802325725555e-02
9.089716710150241852e-03
-3.635885566473007202e-02
0.000000000000000000e+00
9.089716710150241852e-03
-1.817942783236503601e-02
0.000000000000000000e+00
0.000000000000000000e+00
0.000000000000000000e+00
-1.817942224442958832e-02
-1.817942596971988678e-02
