-9.089712984859943390e-03
-4.544855356216430664e-01
2.726921625435352325e-02
1.090765073895454407e-01
1.545251160860061646e-01
2.363325953483581543e-01
2.726904116570949554e-02
1.727045029401779175e-01
1.090765073895454407e-01
9.998694807291030884e-02
6.362799555063247681e-02
9.998677670955657959e-02
0.000000000000000000e+00
1.817912422120571136e-02
1.545252054929733276e-01
-2.272427678108215332e-01
2.999606728553771973e-01
-5.453808233141899109e-02
2.181530147790908813e-01
9.089739061892032623e-03
-3.635895624756813049e-02
-4.544869437813758850e-02
-7.271755486726760864e-02
-1.908838152885437012e-01
7.271755486726760864e-02
-1.545252054929733276e-01
-1.454354673624038696e-01
-1.454354673624038696e-01
2.817808389663696289e-01
2.908709347248077393e-01
1.090768650174140930e-01
7.271755486726760864e-02
2.726921625435352325e-02
-2.272431254386901855e-01
-1.817944347858428955e-01
2.908709347248077393e-01
2.726921625435352325e-02
1.545248478651046753e-01
7.271755486726760864e-02
-5.453808233141899109e-02
1.817912422120571136e-02
1.454351097345352173e-01
1.908841729164123535e-01
8.180765062570571899e-02
8.180730044841766357e-02
3.090504109859466553e-01
2.363328635692596436e-01
-2.181530147790908813e-01
1.181662529706954956e-01
1.272559911012649536e-01
2.908709347248077393e-01
1.090765073895454407e-01
-1.181662529706954956e-01
1.817947812378406525e-02
9.998712688684463501e-02
-7.271791249513626099e-02
-2.090636342763900757e-01
-3.635895624756813049e-02
1.272559911012649536e-01
-6.362781673669815063e-02
8.180730044841766357e-02
2.090636342763900757e-01
2.545119822025299072e-01
-3.635895624756813049e-02
-9.089703857898712158e-02
-2.726886235177516937e-02
2.363325059413909912e-01
1.181662529706954956e-01
-4.544869437813758850e-02
2.181533724069595337e-01
-4.544834420084953308e-02
-1.545248478651046753e-01
-2.090632766485214233e-01
1.090765073895454407e-01
3.635885119438171387e-01
6.362781673669815063e-02
-2.817811965942382812e-01
-1.727046817541122437e-01
1.636149436235427856e-01
4.817547202110290527e-01
-1.817944347858428955e-01
2.726921625435352325e-02
0.000000000000000000e+00
3.635895624756813049e-02
-5.453843250870704651e-02
2.090632766485214233e-01
5.453808233141899109e-02
-2.817811965942382812e-01
4.544869437813758850e-02
1.636149436235427856e-01
6.362781673669815063e-02
1.817947812378406525e-02
-1.363457292318344116e-01
-5.453808233141899109e-02
2.726911008358001709e-01
4.544834420084953308e-02
-8.180730044841766357e-02
-4.181269109249114990e-01
3.635860234498977661e-02
-9.089739061892032623e-03
-4.544869437813758850e-02
1.272559911012649536e-01
2.545119822025299072e-01
-1.817947812378406525e-02
-1.363457292318344116e-01
2.726921625435352325e-02
2.181530147790908813e-01
3.635895624756813049e-02
3.635895624756813049e-02
-1.817940771579742432e-01
2.908705770969390869e-01
1.272559911012649536e-01
-1.636149436235427856e-01
2.181530147790908813e-01
1.272559911012649536e-01
-6.362781673669815063e-02
-1.727043241262435913e-01
-3.181398212909698486e-01
5.453808233141899109e-02
2.817808389663696289e-01
-2.726921625435352325e-02
-1.636146008968353271e-01
1.727046817541122437e-01
2.636017203330993652e-01
1.363457292318344116e-01
-9.089739061892032623e-03
-1.817940771579742432e-01
-2.726921625435352325e-02
2.726886235177516937e-02
5.453843250870704651e-02
1.090765073895454407e-01
2.636017203330993652e-01
-5.453843250870704651e-02
-4.090372025966644287e-01
0.000000000000000000e+00
2.545119822025299072e-01
9.089739061892032623e-03
-9.089703857898712158e-02
1.908841729164123535e-01
1.636149436235427856e-01
8.180730044841766357e-02
-1.908841729164123535e-01
-2.363325059413909912e-01
2.817811965942382812e-01
-1.908841729164123535e-01
-1.636149436235427856e-01
2.454222440719604492e-01
4.544869437813758850e-02
1.272559911012649536e-01
-2.363328635692596436e-01
-3.090504109859466553e-01
4.544855356216430664e-01
1.999738961458206177e-01
-1.817947812378406525e-02
-1.454354673624038696e-01
1.999738961458206177e-01
5.453808233141899109e-02
-5.453843250870704651e-02
9.089703857898712158e-02
-4.544869437813758850e-02
1.363457292318344116e-01
-9.998677670955657959e-02
-9.089703857898712158e-02
1.181662529706954956e-01
1.090765073895454407e-01
-1.817947812378406525e-02
-1.454354673624038696e-01
3.635895624756813049e-02
3.544987440109252930e-01
7.271755486726760864e-02
-2.181530147790908813e-01
-3.726782500743865967e-01
-5.453808233141899109e-02
7.271791249513626099e-02
-9.998677670955657959e-02
-9.089739061892032623e-03
1.272559911012649536e-01
-9.998677670955657959e-02
1.817947812378406525e-02
-4.544869437813758850e-02
2.726914584636688232e-01
-4.544834420084953308e-02
4.544869437813758850e-02
-2.726921625435352325e-02
-6.999078750610351562e+00
-3.363194465637207031e-01
6.635491847991943359e-01
4.453961551189422607e-01
4.999342262744903564e-01
2.090633660554885864e-01
6.362799555063247681e-02
-4.635753929615020752e-01
8.635228276252746582e-01
-6.726388335227966309e-01
3.999471068382263184e-01
