-1.897218698450591212e+00
-1.897218698450591212e+00
-1.897218698450591212e+00
-1.897218698450591212e+00
-2.234987216953860933e-01
-2.315866096062748625e-01
-2.369290543402181592e-01
-2.143051468072744159e-01
-1.580564372424227981e-01
-1.634451503709037912e-01
-1.581920860567578302e-01
-1.604886190900954857e-01
-1.622230556239452337e-01
-1.539967117410236952e-01
-1.432805250472781733e-01
-1.431000668857196345e-01
-1.404498218097256501e-01
-1.321272806432834956e-01
-1.406620755373332310e-01
-1.347706898287415189e-01
-1.231061145901520826e-01
-1.275737490717480105e-01
-1.256420372280900866e-01
-9.723091516921267274e-02
-1.183244164845201896e-01
-8.709039197402945742e-02
-1.698933679016553677e+00
-1.684146236901916005e+00
-1.678440084164774859e+00
-1.673688863861982457e+00
-1.679194720738121038e+00
-1.696477817565856583e+00
-1.648162129669198839e+00
-1.646420240822198622e+00
-1.680513452160170784e+00
-1.682935473511040225e+00
-1.677917249000615785e+00
-1.675371803461143561e+00
-1.675928741006366574e+00
-1.674833834382131847e+00
-1.669736305849981672e+00
-1.655386315148114296e+00
-1.625500065353894907e+00
-1.651277752440317936e+00
-1.622651499841551326e+00
-1.623730633563994719e+00
-1.621569661607832336e+00
-1.608622521332609079e+00
-1.572880841986007638e+00
-1.558337396296982424e+00
-1.568916001315749265e+00
-1.607697999377292852e+00
-1.569090567915425893e+00
-1.513339016427374784e+00
-1.506109879142731645e+00
-1.512939590378195476e+00
-1.530782085932751668e+00
-1.522904546284840066e+00
-1.517084636477420201e+00
-1.506168507918020705e+00
-1.497536175526555491e+00
-1.496832648919852682e+00
-1.503392228227970806e+00
-1.536218998606618813e+00
-1.546703463404012879e+00
-1.547834536730395838e+00
-1.544818490639263242e+00
-1.537235851284525667e+00
-1.540012707733968478e+00
-1.511048245796116518e+00
-1.497207863583378318e+00
-1.481629023314360083e+00
-1.468085705713177092e+00
-1.453587712990318970e+00
-1.447428631197916316e+00
-1.452737136232434834e+00
-1.441093489862409260e+00
-1.420231241933466615e+00
-1.411802164985928032e+00
-1.421370406463745129e+00
-1.396895609481824563e+00
-1.395700322425089679e+00
-1.389609837311515994e+00
-1.375460383852863844e+00
-1.445321512969324429e+00
-1.420970992604512650e+00
-1.372866011937147190e+00
-1.355623089855202412e+00
-1.342383881797787781e+00
-1.338036526387155201e+00
-1.341273353980160898e+00
-1.350764523790117799e+00
-1.334422958340510723e+00
-1.329026077560570007e+00
-1.350830014857235861e+00
-1.349027236933097340e+00
-1.319394880830454753e+00
-1.310101519249315949e+00
-1.322865010931355778e+00
-1.323007619111172595e+00
-1.293625512720300019e+00
-1.330461566971534504e+00
-1.338543327352144985e+00
-1.320372638257763853e+00
-1.317405076906925210e+00
-1.277692969045123750e+00
-1.319652697426866972e+00
-1.318798320630234944e+00
-1.302005344072010962e+00
-1.355295444029140484e+00
-1.348547689154471652e+00
-1.299832863200063082e+00
-1.198425568446874312e+00
-1.181852850747513006e+00
-1.178571381264538864e+00
-1.168065919424998711e+00
-1.193473330173819624e+00
-1.158628929889380599e+00
-1.148010162469973450e+00
-1.202372714786572816e+00
-1.197458657936862014e+00
-1.185271533330548799e+00
-1.180135691451539515e+00
-1.186657005948855703e+00
-1.190082842872762781e+00
-1.193587546940416688e+00
-1.189143068640603484e+00
-1.183570233914807535e+00
-1.176245653993685414e+00
-1.134983833634382044e+00
-1.116410875925760715e+00
-1.112911710819727507e+00
-1.108500908459267187e+00
-1.105794171908199841e+00
-1.088043965649895251e+00
-1.081018056978065411e+00
-1.022745382217841836e+00
-1.028628526902670703e+00
-1.025998973377612700e+00
-9.975866743301651240e-01
-9.899109340786447220e-01
-1.014563060954588591e+00
-9.933027069229350969e-01
-9.701221683247851502e-01
-1.123545724806895185e+00
-1.146884801028019929e+00
-1.172716963266187351e+00
-1.172716963266187351e+00
-1.172716963266187351e+00
-1.172716963266187351e+00
-1.172716963266187351e+00
-1.172716963266187351e+00
-1.172716963266187351e+00
-1.172716963266187351e+00
-1.208351329825946507e+00
-1.208351329825946507e+00
-1.208351329825946507e+00
-1.208351329825946507e+00
-1.208351329825946507e+00
-1.208351329825946507e+00
-1.208351329825946507e+00
-1.208351329825946507e+00
-1.208351329825946507e+00
-1.208351329825946507e+00
-1.208351329825946507e+00
-1.208351329825946507e+00
-1.208351329825946507e+00
-1.208351329825946507e+00
-1.208351329825946507e+00
-1.208351329825946507e+00
-1.208351329825946507e+00
-1.208351329825946507e+00
-1.208351329825946507e+00
-1.208351329825946507e+00
-1.208351329825946507e+00
-1.208351329825946507e+00
-1.208351329825946507e+00
-1.208351329825946507e+00
-1.208351329825946507e+00
-1.208351329825946507e+00
-3.888708758134380439e-01
7.538490437997544813e-01
7.538490048374502095e-01
7.538490048374502095e-01
7.538490048374502095e-01
7.538490048374502095e-01
7.538490048374502095e-01
7.538490048374502095e-01
7.538490048374502095e-01
7.538490048374502095e-01
7.538490048374502095e-01
7.538490048374502095e-01
7.538490048374502095e-01
7.538490048374502095e-01
7.538490048374502095e-01
