0.000000000000000000e+00
0.000000000000000000e+00
1.519500045105814934e-03
-7.597500225529074669e-04
7.597500225529074669e-04
1.519499928690493107e-03
7.597500225529074669e-04
7.597500225529074669e-04
0.000000000000000000e+00
-7.597500225529074669e-04
-7.597500225529074669e-04
0.000000000000000000e+00
2.279249951243400574e-03
0.000000000000000000e+00
7.597500225529074669e-04
-7.597500225529074669e-04
0.000000000000000000e+00
0.000000000000000000e+00
-1.519500045105814934e-03
2.279249951243400574e-03
-7.597500225529074669e-04
0.000000000000000000e+00
-1.519500045105814934e-03
2.279249951243400574e-03
2.279249951243400574e-03
-7.597500225529074669e-04
1.519500045105814934e-03
7.597500225529074669e-04
1.519500045105814934e-03
0.000000000000000000e+00
7.597500225529074669e-04
7.597500225529074669e-04
0.000000000000000000e+00
-7.597500225529074669e-04
0.000000000000000000e+00
0.000000000000000000e+00
7.597500225529074669e-04
0.000000000000000000e+00
0.000000000000000000e+00
0.000000000000000000e+00
-1.519500045105814934e-03
0.000000000000000000e+00
1.519500045105814934e-03
1.519500045105814934e-03
7.597500225529074669e-04
2.279249951243400574e-03
1.519500045105814934e-03
-1.519500045105814934e-03
7.597500225529074669e-04
0.000000000000000000e+00
0.000000000000000000e+00
0.000000000000000000e+00
7.597500225529074669e-04
-7.597500225529074669e-04
7.597500225529074669e-04
0.000000000000000000e+00
7.597500225529074669e-04
7.597500225529074669e-04
7.597500225529074669e-04
0.000000000000000000e+00
-7.597500225529074669e-04
-7.597500225529074669e-04
7.597500225529074669e-04
0.000000000000000000e+00
0.000000000000000000e+00
7.597500225529074669e-04
0.000000000000000000e+00
0.000000000000000000e+00
0.000000000000000000e+00
-7.597500225529074669e-04
-1.519500045105814934e-03
-7.597500225529074669e-04
-7.597500225529074669e-04
7.597500225529074669e-04
-3.039000090211629868e-03
7.597500225529074669e-04
7.597500225529074669e-04
1.519500045105814934e-03
1.519500045105814934e-03
-7.597500225529074669e-04
3.039000090211629868e-03
0.000000000000000000e+00
-7.597500225529074669e-04
-7.597500225529074669e-04
0.000000000000000000e+00
7.597500225529074669e-04
-1.519500045105814934e-03
0.000000000000000000e+00
1.519500045105814934e-03
-1.519500045105814934e-03
0.000000000000000000e+00
0.000000000000000000e+00
7.597500225529074669e-04
0.000000000000000000e+00
1.519500045105814934e-03
-7.597500225529074669e-04
-1.519500045105814934e-03
7.597500225529074669e-04
0.000000000000000000e+00
7.597500225529074669e-04
7.597500225529074669e-04
1.519500045105814934e-03
1.519500045105814934e-03
1.519500045105814934e-03
1.519500045105814934e-03
-1.519499928690493107e-03
0.000000000000000000e+00
1.519500045105814934e-03
0.000000000000000000e+00
-7.597500225529074669e-04
7.597500225529074669e-04
-1.519500045105814934e-03
-7.597500225529074669e-04
-7.597500225529074669e-04
-7.597500225529074669e-04
1.519500045105814934e-03
0.000000000000000000e+00
-1.519500045105814934e-03
-1.519500045105814934e-03
1.519500045105814934e-03
0.000000000000000000e+00
7.597500225529074669e-04
7.597500225529074669e-04
0.000000000000000000e+00
0.000000000000000000e+00
-1.519500045105814934e-03
7.597500225529074669e-04
-7.597500225529074669e-04
-7.597500225529074669e-04
0.000000000000000000e+00
0.000000000000000000e+00
2.279249951243400574e-03
-7.597500225529074669e-04
0.000000000000000000e+00
7.597500225529074669e-04
0.000000000000000000e+00
0.000000000000000000e+00
0.000000000000000000e+00
-1.519500045105814934e-03
-7.597500225529074669e-04
-1.519500045105814934e-03
0.000000000000000000e+00
-7.597500225529074669e-04
0.000000000000000000e+00
-7.597500225529074669e-04
-1.519500045105814934e-03
7.597500225529074669e-04
7.597500225529074669e-04
7.597500225529074669e-04
-7.597500225529074669e-04
-1.519500045105814934e-03
0.000000000000000000e+00
0.000000000000000000e+00
7.597500225529074669e-04
0.000000000000000000e+00
0.000000000000000000e+00
7.597500225529074669e-04
7.597500225529074669e-04
7.597500225529074669e-04
7.597500225529074669e-04
1.519500045105814934e-03
0.000000000000000000e+00
1.519500045105814934e-03
1.519500045105814934e-03
1.519500045105814934e-03
0.000000000000000000e+00
0.000000000000000000e+00
-1.519500045105814934e-03
-1.519499928690493107e-03
-7.597500225529074669e-04
0.000000000000000000e+00
0.000000000000000000e+00
7.597500225529074669e-04
-1.519500045105814934e-03
0.000000000000000000e+00
7.597500225529074669e-04
0.000000000000000000e+00
-4.558499902486801147e-03
-1.542292535305023193e-01
-1.914570182561874390e-01
2.659125253558158875e-02
1.511902660131454468e-01
1.663852483034133911e-01
1.770217567682266235e-01
2.302042543888092041e-01
2.416005134582519531e-01
2.438797652721405029e-01
2.659125030040740967e-01
3.069390058517456055e-01
3.092182278633117676e-01
2.864257693290710449e-01
3.084585070610046387e-01
3.563227653503417969e-01
3.981090188026428223e-01
3.753165006637573242e-01
3.289717435836791992e-01
3.472057580947875977e-01
3.768360018730163574e-01
3.601215183734893799e-01
3.791152536869049072e-01
3.798750042915344238e-01
3.661994934082031250e-01
3.601215183734893799e-01
4.239405095577239990e-01
4.353367686271667480e-01
3.867127597332000732e-01
3.760762512683868408e-01
3.867127597332000732e-01
3.874725103378295898e-01
3.699982762336730957e-01
3.791152536869049072e-01
3.669592440128326416e-01
3.950699865818023682e-01
4.421745240688323975e-01
4.414147734642028809e-01
3.798750042915344238e-01
3.859530091285705566e-01
4.102649986743927002e-01
3.927907347679138184e-01
3.965895175933837891e-01
3.867127597332000732e-01
4.003882706165313721e-01
4.353367686271667480e-01
4.224210083484649658e-01
4.011480212211608887e-01
4.178625047206878662e-01
4.087455272674560547e-01
3.859530389308929443e-01
3.988687694072723389e-01
3.829140365123748779e-01
3.905115127563476562e-01
4.193820059299468994e-01
4.391354918479919434e-01
4.163430035114288330e-01
3.943102359771728516e-01
3.943102359771728516e-01
4.079857468605041504e-01
3.905114829540252686e-01
3.882322609424591064e-01
3.905114829540252686e-01
3.791152536869049072e-01
4.429342746734619141e-01
4.034272730350494385e-01
4.011480212211608887e-01
3.829140365123748779e-01
3.905115127563476562e-01
3.905115127563476562e-01
3.730372488498687744e-01
3.836737871170043945e-01
3.745567500591278076e-01
3.996285200119018555e-01
4.398952722549438477e-01
4.398952722549438477e-01
4.117845296859741211e-01
4.186222553253173828e-01
4.079857468605041504e-01
4.186222553253173828e-01
3.821542859077453613e-01
3.950699865818023682e-01
4.398952722549438477e-01
4.444537758827209473e-01
4.148235321044921875e-01
4.064662754535675049e-01
3.920310139656066895e-01
4.003882706165313721e-01
3.927907347679138184e-01
3.783555030822753906e-01
3.821542859077453613e-01
3.935504853725433350e-01
4.550902545452117920e-01
4.057065248489379883e-01
3.958297371864318848e-01
4.148235023021697998e-01
3.973492681980133057e-01
3.753165006637573242e-01
4.019077718257904053e-01
3.935504853725433350e-01
3.867127597332000732e-01
4.064662754535675049e-01
4.376159906387329102e-01
4.322977662086486816e-01
3.958297371864318848e-01
3.996285200119018555e-01
4.049467742443084717e-01
4.079857468605041504e-01
4.019077718257904053e-01
3.935504853725433350e-01
4.467330276966094971e-01
4.398952722549438477e-01
4.148235023021697998e-01
4.026675224304199219e-01
4.117845296859741211e-01
3.996285200119018555e-01
3.988687694072723389e-01
3.722774982452392578e-01
3.912712633609771729e-01
4.292587935924530029e-01
4.231807589530944824e-01
4.110247790813446045e-01
4.079857468605041504e-01
