-9.116999804973602295e-03
-7.536720037460327148e-01
-6.845347881317138672e-01
9.284145236015319824e-01
2.385614961385726929e-01
7.977375388145446777e-02
3.654397428035736084e-01
3.996285200119018555e-01
4.307782948017120361e-01
4.945972859859466553e-01
5.568968057632446289e-01
5.728514790534973145e-01
7.156845331192016602e-01
8.569980263710021973e-01
9.777982831001281738e-01
1.065169453620910645e+00
1.097838759422302246e+00
1.192047834396362305e+00
1.295373797416687012e+00
1.412375211715698242e+00
1.435167789459228516e+00
1.502785563468933105e+00
1.516461014747619629e+00
1.636501550674438477e+00
1.697281599044799805e+00
1.732989788055419922e+00
1.811244010925292969e+00
1.835556030273437500e+00
1.916089534759521484e+00
1.930524826049804688e+00
1.975350022315979004e+00
1.995103478431701660e+00
2.023214340209960938e+00
2.063481092453002930e+00
2.071078538894653320e+00
2.095390558242797852e+00
2.117423295974731445e+00
2.156170368194580078e+00
2.168326616287231445e+00
2.160728931427001953e+00
2.203275203704833984e+00
2.188080072402954102e+00
2.204794645309448242e+00
2.231385707855224609e+00
2.207073926925659180e+00
2.205554485321044922e+00
2.186560630798339844e+00
2.243541717529296875e+00
2.213911533355712891e+00
2.229106664657592773e+00
2.221509218215942383e+00
2.265574455261230469e+00
2.264055013656616211e+00
2.217710256576538086e+00
2.239742994308471680e+00
2.227587223052978516e+00
2.254178285598754883e+00
2.277730703353881836e+00
2.214671134948730469e+00
2.238983154296875000e+00
2.186560630798339844e+00
2.251899242401123047e+00
2.228346586227416992e+00
2.264814853668212891e+00
2.174404621124267578e+00
2.208593368530273438e+00
2.224548101425170898e+00
2.240502834320068359e+00
2.207073926925659180e+00
2.242781877517700195e+00
2.232145786285400391e+00
2.213151693344116211e+00
2.233665227890014648e+00
2.198716640472412109e+00
2.273172140121459961e+00
2.272412300109863281e+00
2.292925596237182617e+00
2.245061159133911133e+00
2.246580839157104492e+00
2.264055013656616211e+00
2.262535572052001953e+00
2.290646314620971680e+00
2.207833528518676758e+00
2.244301557540893555e+00
2.204034805297851562e+00
2.257977008819580078e+00
2.268613576889038086e+00
2.197956800460815430e+00
2.242781877517700195e+00
2.223788261413574219e+00
2.254178285598754883e+00
2.279250144958496094e+00
2.245061159133911133e+00
2.226067781448364258e+00
2.201755523681640625e+00
2.240502834320068359e+00
2.240502834320068359e+00
2.228346586227416992e+00
2.232905149459838867e+00
2.226827144622802734e+00
2.286087751388549805e+00
