-3.570825234055519104e-02
-1.031740546226501465e+00
-1.271821618080139160e+00
-6.419888138771057129e-01
2.104507535696029663e-01
1.291574984788894653e-01
1.344757527112960815e-01
4.087454974651336670e-01
4.672462642192840576e-01
5.751307010650634766e-01
6.222352385520935059e-01
6.944115161895751953e-01
7.475939989089965820e-01
8.790307641029357910e-01
9.033427834510803223e-01
9.474082589149475098e-01
1.005149245262145996e+00
1.097838759422302246e+00
1.138105511665344238e+00
1.181411266326904297e+00
1.161657691001892090e+00
1.208002567291259766e+00
1.252827763557434082e+00
1.255866765975952148e+00
1.303731083869934082e+00
1.340958833694458008e+00
1.293854355812072754e+00
1.367550134658813477e+00
1.396420598030090332e+00
1.372868418693542480e+00
1.362991571426391602e+00
1.375147581100463867e+00
1.383504748344421387e+00
1.414654493331909180e+00
1.411615490913391113e+00
1.419972777366638184e+00
1.445044636726379395e+00
1.464038252830505371e+00
1.483032107353210449e+00
1.442765355110168457e+00
1.464797973632812500e+00
1.502025723457336426e+00
1.474674820899963379e+00
1.457960367202758789e+00
1.473155260086059570e+00
1.473915100097656250e+00
1.484551548957824707e+00
1.439726352691650391e+00
1.485311388969421387e+00
1.493668437004089355e+00
1.483791828155517578e+00
1.485311269760131836e+00
1.465557813644409180e+00
1.457200646400451660e+00
1.486830830574035645e+00
1.438206791877746582e+00
1.479233264923095703e+00
1.459479808807373047e+00
1.473915100097656250e+00
1.478473544120788574e+00
1.449603080749511719e+00
1.448843359947204590e+00
1.466317653656005859e+00
1.446564078330993652e+00
1.471635818481445312e+00
1.450362801551818848e+00
1.454921364784240723e+00
1.470116257667541504e+00
1.487590432167053223e+00
1.479992985725402832e+00
1.431369066238403320e+00
1.486830711364746094e+00
1.485311269760131836e+00
1.469356536865234375e+00
1.453401803970336914e+00
1.481512546539306641e+00
1.474674820899963379e+00
1.473155140876770020e+00
1.457200646400451660e+00
1.468596816062927246e+00
1.477713823318481445e+00
1.461759090423583984e+00
1.501266002655029297e+00
1.458719968795776367e+00
1.445044636726379395e+00
1.451122641563415527e+00
1.457200527191162109e+00
1.493668437004089355e+00
1.489109992980957031e+00
1.458720088005065918e+00
1.463278651237487793e+00
1.457200646400451660e+00
1.463278532028198242e+00
1.479993104934692383e+00
1.482272148132324219e+00
1.476194262504577637e+00
1.491389274597167969e+00
1.472395539283752441e+00
1.489869713783264160e+00
1.486071109771728516e+00
1.463278532028198242e+00
1.476194262504577637e+00
1.498227000236511230e+00
1.476194262504577637e+00
1.484551548957824707e+00
1.467836976051330566e+00
-1.132787227630615234e+00
-2.188080072402954102e+00
9.876748546957969666e-03
-4.284990131855010986e-01
-1.443525075912475586e+00
-3.624007701873779297e-01
-8.607968091964721680e-01
-1.118352055549621582e+00
-6.435082554817199707e-01
-8.159714937210083008e-01
-4.945972561836242676e-01
-3.342899978160858154e-01
2.583150267601013184e-01
3.282120227813720703e-01
