-1.519500045105814934e-03
-2.628735005855560303e-01
-6.032415032386779785e-01
-6.807360649108886719e-01
-5.538578033447265625e-01
-2.864257395267486572e-01
-1.511902511119842529e-01
-8.357250131666660309e-03
4.558499902486801147e-03
2.127300202846527100e-02
4.634475335478782654e-02
9.648825973272323608e-02
1.078845039010047913e-01
9.648825973272323608e-02
1.299172639846801758e-01
1.451122462749481201e-01
1.147222518920898438e-01
1.124430000782012939e-01
6.837750226259231567e-02
3.646799921989440918e-02
6.305925548076629639e-02
9.572850912809371948e-02
8.433225005865097046e-02
6.761775165796279907e-02
4.710450023412704468e-02
8.205300569534301758e-02
7.901400327682495117e-02
3.039000183343887329e-02
5.394224822521209717e-02
3.950700163841247559e-02
8.129325509071350098e-02
9.344924986362457275e-02
6.609825044870376587e-02
3.190950304269790649e-02
3.190950304269790649e-02
8.737124502658843994e-02
1.018065065145492554e-01
9.952725470066070557e-02
7.749450206756591797e-02
7.293599843978881836e-02
4.558500275015830994e-02
-5.318250507116317749e-03
9.876750409603118896e-03
7.597500225529074669e-04
5.318250507116317749e-03
-7.597500225529074669e-04
2.279249951243400574e-03
7.597500458359718323e-03
1.823399960994720459e-02
5.166300386190414429e-02
8.281274884939193726e-02
1.071247607469558716e-01
9.041025489568710327e-02
8.205300569534301758e-02
5.242275074124336243e-02
5.850075185298919678e-02
-3.798749763518571854e-03
1.139625068753957748e-02
-1.671450212597846985e-02
-1.519500045105814934e-03
-9.876750409603118896e-03
-6.078000180423259735e-03
-3.039000090211629868e-03
-1.139625068753957748e-02
1.063650101423263550e-02
-9.876750409603118896e-03
1.063650101423263550e-02
-1.215600036084651947e-02
-6.078000180423259735e-03
-7.597500225529074669e-04
-1.291575003415346146e-02
1.595475152134895325e-02
-5.318250507116317749e-03
6.078000180423259735e-03
-6.078000180423259735e-03
1.519500091671943665e-02
-9.116999804973602295e-03
7.597500458359718323e-03
1.139625068753957748e-02
-9.876750409603118896e-03
2.127300202846527100e-02
-1.747425086796283722e-02
7.597500458359718323e-03
-1.063650101423263550e-02
9.116999804973602295e-03
1.063650101423263550e-02
-5.318250507116317749e-03
2.051325142383575439e-02
-1.671450212597846985e-02
1.443525031208992004e-02
-2.127300202846527100e-02
2.279249951243400574e-03
-6.837750319391489029e-03
-1.519500091671943665e-02
1.823399960994720459e-02
-1.367549970746040344e-02
1.671450026333332062e-02
-2.127300202846527100e-02
7.597500458359718323e-03
-8.357250131666660309e-03
-1.367550063878297806e-02
1.063650101423263550e-02
-1.899375021457672119e-02
1.975350081920623779e-02
-1.671450026333332062e-02
3.039000090211629868e-03
-1.519500161521136761e-03
-1.899375207722187042e-02
1.671450026333332062e-02
-7.597500458359718323e-03
1.291575096547603607e-02
-6.078000180423259735e-03
1.823399960994720459e-02
-1.519500091671943665e-02
1.671450026333332062e-02
-6.078000180423259735e-03
4.558499902486801147e-03
-1.519500045105814934e-03
7.597500225529074669e-04
1.519500045105814934e-03
0.000000000000000000e+00
0.000000000000000000e+00
7.597500225529074669e-04
1.519500045105814934e-03
-3.798750229179859161e-03
3.798750229179859161e-03
9.116999804973602295e-03
-7.597500458359718323e-03
3.039000090211629868e-03
1.215600036084651947e-02
-1.519500091671943665e-02
-7.597500225529074669e-04
1.519500045105814934e-03
-1.823399960994720459e-02
2.051325142383575439e-02
5.318250507116317749e-03
-4.558499902486801147e-03
1.671450026333332062e-02
-1.367549970746040344e-02
1.215600036084651947e-02
1.291575003415346146e-02
-1.291575096547603607e-02
8.357250131666660309e-03
-1.215600036084651947e-02
-1.595475152134895325e-02
1.595475152134895325e-02
-1.595475152134895325e-02
1.291575003415346146e-02
-6.078000180423259735e-03
-1.367549970746040344e-02
1.823399960994720459e-02
-6.837749853730201721e-03
7.597500458359718323e-03
-1.215600036084651947e-02
2.051325142383575439e-02
-2.279249951243400574e-02
-3.039000090211629868e-03
1.823399960994720459e-02
-9.876750409603118896e-03
2.583150006830692291e-02
-2.127300202846527100e-02
7.597500458359718323e-03
-9.876750409603118896e-03
-1.519500091671943665e-02
1.215600036084651947e-02
-2.051325142383575439e-02
2.127300202846527100e-02
-2.507175132632255554e-02
-8.357250131666660309e-03
4.558499902486801147e-03
-2.431200072169303894e-02
2.203274890780448914e-02
-6.837749853730201721e-03
8.357251062989234924e-03
1.899375021457672119e-02
-1.747425086796283722e-02
1.063650101423263550e-02
-1.519500091671943665e-02
9.876750409603118896e-03
1.519500091671943665e-02
-1.139625068753957748e-02
1.671450026333332062e-02
-2.127300202846527100e-02
7.597500225529074669e-04
-5.318250507116317749e-03
-2.051324956119060516e-02
1.823399960994720459e-02
1.367549970746040344e-02
-1.899375021457672119e-02
-9.876750409603118896e-03
9.876750409603118896e-03
-2.355225011706352234e-02
2.127300202846527100e-02
-7.597500458359718323e-03
9.876750409603118896e-03
1.367549970746040344e-02
-9.116999804973602295e-03
2.127300202846527100e-02
-2.279249951243400574e-02
2.127300202846527100e-02
1.519500045105814934e-03
