-7.597500225529074669e-04
-7.582305073738098145e-01
-1.193567276000976562e+00
-7.217625379562377930e-01
-2.165287435054779053e-01
2.127300202846527100e-01
2.453992515802383423e-01
1.785412579774856567e-01
2.370420098304748535e-01
3.821542859077453613e-01
4.459732770919799805e-01
4.550902843475341797e-01
4.907985031604766846e-01
6.002025604248046875e-01
6.191962361335754395e-01
6.313522458076477051e-01
6.343913078308105469e-01
7.004894614219665527e-01
7.612695097923278809e-01
7.711462378501892090e-01
7.567110061645507812e-01
7.559512853622436523e-01
7.840619683265686035e-01
8.440822958946228027e-01
8.539590835571289062e-01
8.562383055686950684e-01
8.448420166969299316e-01
8.554785847663879395e-01
8.942258358001708984e-01
9.010635018348693848e-01
8.828295469284057617e-01
8.706734776496887207e-01
8.683943152427673340e-01
9.337328076362609863e-01
9.132195115089416504e-01
8.873880505561828613e-01
8.820697665214538574e-01
9.033427834510803223e-01
8.904270529747009277e-01
8.980245590209960938e-01
8.721929788589477539e-01
9.041025042533874512e-01
9.306938052177429199e-01
9.063817858695983887e-01
8.729527592658996582e-01
8.873880505561828613e-01
9.344925284385681152e-01
8.995440006256103516e-01
8.987843394279479980e-01
9.253755211830139160e-01
9.238560199737548828e-01
8.965050578117370605e-01
9.398108124732971191e-01
9.466485381126403809e-01
9.261353015899658203e-01
8.797905445098876953e-01
8.942258358001708984e-01
9.618434906005859375e-01
9.557654857635498047e-01
9.109402298927307129e-01
8.896672725677490234e-01
9.367718100547790527e-01
9.192975163459777832e-01
9.268950223922729492e-01
9.162585139274597168e-01
9.352523088455200195e-01
9.588044881820678711e-01
9.337328076362609863e-01
9.063817858695983887e-01
8.934660553932189941e-01
9.109402298927307129e-01
9.246158003807067871e-01
9.261353015899658203e-01
9.056219458580017090e-01
9.238560199737548828e-01
9.154987335205078125e-01
9.200572371482849121e-01
9.306938052177429199e-01
9.344925284385681152e-01
9.580447673797607422e-01
9.132195115089416504e-01
9.686812758445739746e-01
9.451290369033813477e-01
9.010635018348693848e-01
9.208170175552368164e-01
9.261353015899658203e-01
9.375315904617309570e-01
9.428497552871704102e-01
9.033427834510803223e-01
9.284145236015319824e-01
9.580447673797607422e-01
9.299340248107910156e-01
8.851087689399719238e-01
8.919465541839599609e-01
9.557654857635498047e-01
9.580447673797607422e-01
9.003038406372070312e-01
8.965050578117370605e-01
9.329730272293090820e-01
9.474082589149475098e-01
9.398107528686523438e-01
9.390510916709899902e-01
9.603239893913269043e-01
9.618434906005859375e-01
9.322133064270019531e-01
9.033427834510803223e-01
9.208170175552368164e-01
9.420900344848632812e-01
9.041025042533874512e-01
8.843490481376647949e-01
9.588044881820678711e-01
9.177780151367187500e-01
9.329730272293090820e-01
8.995440006256103516e-01
9.177780151367187500e-01
9.306938052177429199e-01
9.261353015899658203e-01
9.124597311019897461e-01
9.314535260200500488e-01
9.565252661705017090e-01
9.109402894973754883e-01
9.071415066719055176e-01
9.109402298927307129e-01
9.382912516593933105e-01
9.626032710075378418e-01
9.200572371482849121e-01
9.208170175552368164e-01
9.443692564964294434e-01
9.550057649612426758e-01
9.086610674858093262e-01
9.117000102996826172e-01
9.458887577056884766e-01
9.284145236015319824e-01
8.972648382186889648e-01
8.965049982070922852e-01
9.481680393218994141e-01
9.580447673797607422e-01
8.995440602302551270e-01
8.759917616844177246e-01
9.557654857635498047e-01
9.595642685890197754e-01
8.896672725677490234e-01
9.466485381126403809e-01
9.534863233566284180e-01
9.580447673797607422e-01
9.390510916709899902e-01
9.686812758445739746e-01
9.656422734260559082e-01
9.223365187644958496e-01
9.147390127182006836e-01
9.436095356941223145e-01
9.466485381126403809e-01
9.132195115089416504e-01
9.056220054626464844e-01
9.010635614395141602e-01
9.390510916709899902e-01
9.588044881820678711e-01
9.071415066719055176e-01
8.980245590209960938e-01
9.458887577056884766e-01
9.595642685890197754e-01
9.489277005195617676e-01
9.010635614395141602e-01
9.261353015899658203e-01
9.542459845542907715e-01
9.314535260200500488e-01
8.782709836959838867e-01
9.101805686950683594e-01
9.595642685890197754e-01
9.390510916709899902e-01
8.889075517654418945e-01
9.261353015899658203e-01
9.572849869728088379e-01
9.071415066719055176e-01
9.109402298927307129e-01
9.595642685890197754e-01
9.238560199737548828e-01
8.957453370094299316e-01
8.706735372543334961e-01
9.443692564964294434e-01
9.405705332756042480e-01
9.154987335205078125e-01
8.805502653121948242e-01
9.094207882881164551e-01
4.133040010929107666e-01
3.912712335586547852e-01
-3.684787750244140625e-01
-5.614553093910217285e-01
-3.046597540378570557e-01
-2.636332511901855469e-01
-6.913725286722183228e-02
-7.597503135912120342e-04
-4.634475335478782654e-02
2.826270163059234619e-01
-1.173053979873657227e+00
