1.299172490835189819e-01
1.238392442464828491e-01
7.597500225529074669e-04
4.133040010929107666e-01
8.569980263710021973e-01
6.412290334701538086e-01
3.920309841632843018e-01
1.428329944610595703e-01
-1.823399215936660767e-02
-2.112105041742324829e-01
-2.666722834110260010e-01
-3.069390356540679932e-01
-2.651527225971221924e-01
9.648825973272323608e-02
3.084585070610046387e-01
4.064662158489227295e-01
4.657267332077026367e-01
4.064662158489227295e-01
4.300185441970825195e-01
4.117844998836517334e-01
3.342899978160858154e-01
2.157690227031707764e-01
-2.203272469341754913e-02
-1.557487845420837402e-01
-2.461590170860290527e-01
-2.697112560272216797e-01
-2.195677459239959717e-01
-1.306770145893096924e-01
8.281274884939193726e-02
2.636332511901855469e-01
4.672462642192840576e-01
5.181494951248168945e-01
4.429342746734619141e-01
3.570825457572937012e-01
3.114975392818450928e-01
2.902245223522186279e-01
1.200405135750770569e-01
3.798731369897723198e-03
-1.884180307388305664e-01
-2.909842431545257568e-01
-3.107377886772155762e-01
-2.241262346506118774e-01
-5.090324580669403076e-02
1.147222518920898438e-01
3.342899978160858154e-01
4.247002601623535156e-01
4.345770478248596191e-01
4.710450470447540283e-01
4.421745240688323975e-01
3.540435433387756348e-01
1.982947587966918945e-01
-6.761776655912399292e-02
-1.717035174369812012e-01
-2.484382390975952148e-01
-2.750294804573059082e-01
-1.815802305936813354e-01
-2.811074070632457733e-02
1.580280065536499023e-01
3.137767612934112549e-01
4.436939954757690430e-01
4.771229922771453857e-01
4.193820059299468994e-01
3.965895473957061768e-01
3.373290002346038818e-01
2.491980344057083130e-01
9.572850912809371948e-02
-3.038999810814857483e-02
-1.853789985179901123e-01
-2.355224937200546265e-01
-2.689515352249145508e-01
-1.739827692508697510e-01
-2.811074070632457733e-02
1.299172341823577881e-01
3.198547363281250000e-01
4.178625047206878662e-01
5.265067815780639648e-01
5.135910511016845703e-01
4.041869938373565674e-01
3.441667556762695312e-01
1.868985295295715332e-01
4.786426946520805359e-02
-1.078845113515853882e-01
-1.990545094013214111e-01
-2.909842729568481445e-01
-2.621137499809265137e-01
-1.648657470941543579e-01
2.529967725276947021e-01
3.874725401401519775e-01
4.512915313243865967e-01
4.474927783012390137e-01
4.178625345230102539e-01
3.775957524776458740e-01
3.335302472114562988e-01
2.849062681198120117e-01
8.205299824476242065e-02
-8.433225005865097046e-02
-2.347627431154251099e-01
-2.575552761554718018e-01
-2.226067334413528442e-01
-1.337160021066665649e-01
4.102649912238121033e-02
1.580280065536499023e-01
3.434070050716400146e-01
4.049467742443084717e-01
4.535707831382751465e-01
4.497719705104827881e-01
4.171027541160583496e-01
3.411277830600738525e-01
1.777815073728561401e-01
4.178624972701072693e-02
-1.375147253274917603e-01
-2.491980046033859253e-01
-3.084584772586822510e-01
-2.598345279693603516e-01
-1.458719670772552490e-01
6.305925548076629639e-02
3.016207516193389893e-01
4.095052480697631836e-01
4.862399995326995850e-01
4.664864838123321533e-01
4.474927484989166260e-01
4.307782351970672607e-01
3.228937685489654541e-01
-1.048455014824867249e-01
-2.461590170860290527e-01
-3.411277532577514648e-01
-2.985817492008209229e-01
-2.104507535696029663e-01
-1.428329944610595703e-01
1.238392740488052368e-01
3.069390058517456055e-01
4.558500349521636963e-01
4.763632416725158691e-01
4.869997799396514893e-01
4.345770478248596191e-01
3.312509953975677490e-01
2.431199848651885986e-01
9.344927966594696045e-02
-2.203275263309478760e-02
-2.279250025749206543e-01
-2.917439937591552734e-01
-2.894647717475891113e-01
-2.142495214939117432e-01
-1.063650101423263550e-02
1.253587454557418823e-01
3.084585070610046387e-01
4.269795417785644531e-01
5.097922682762145996e-01
4.839607775211334229e-01
3.981089890003204346e-01
3.168157637119293213e-01
2.020935118198394775e-01
1.367550045251846313e-01
-4.406550526618957520e-02
-1.170015037059783936e-01
-2.431200146675109863e-01
-2.856659889221191406e-01
-1.815802603960037231e-01
-6.533850729465484619e-02
1.496707350015640259e-01
3.950700163841247559e-01
4.512914717197418213e-01
4.566097557544708252e-01
4.596487879753112793e-01
4.284989833831787109e-01
3.137767910957336426e-01
9.724798053503036499e-02
-6.077999621629714966e-02
-2.096910029649734497e-01
-2.491980344057083130e-01
-2.636332511901855469e-01
-2.241262644529342651e-01
-5.546173080801963806e-02
1.086442619562149048e-01
3.198547661304473877e-01
4.011480212211608887e-01
5.021947622299194336e-01
5.303055047988891602e-01
4.360965490341186523e-01
3.624007701873779297e-01
2.294445037841796875e-01
1.253587454557418823e-01
-6.761773675680160522e-02
-1.413134932518005371e-01
-2.552759945392608643e-01
-2.507175207138061523e-01
-1.815802603960037231e-01
-9.952726960182189941e-02
7.825423777103424072e-02
2.735100388526916504e-01
4.322977364063262939e-01
4.733242988586425781e-01
4.368562996387481689e-01
3.867127895355224609e-01
3.358095288276672363e-01
1.458719968795776367e-01
3.114975057542324066e-02
-1.990545094013214111e-01
-2.719904780387878418e-01
-2.469187378883361816e-01
-1.785412579774856567e-01
-1.747426949441432953e-02
1.002869904041290283e-01
3.054195046424865723e-01
4.095052182674407959e-01
4.642072319984436035e-01
4.300185143947601318e-01
4.247002601623535156e-01
3.791152536869049072e-01
2.697112858295440674e-01
1.534694880247116089e-01
-7.977373898029327393e-02
-1.572682261466979980e-01
-2.385615259408950806e-01
-2.453992366790771484e-01
-1.770217865705490112e-01
-4.026677459478378296e-02
1.337160319089889526e-01
2.765490412712097168e-01
4.315380454063415527e-01
4.786425530910491943e-01
4.733242988586425781e-01
4.193820059299468994e-01
3.692384958267211914e-01
2.712307572364807129e-01
1.002870202064514160e-01
-2.431201003491878510e-02
-1.815802603960037231e-01
-2.529968023300170898e-01
-2.628735005855560303e-01
-2.697112858295440674e-01
6.457875669002532959e-02
3.570825457572937012e-01
4.231807589530944824e-01
4.444537758827209473e-01
4.414147436618804932e-01
3.965895473957061768e-01
3.813944756984710693e-01
3.206145167350769043e-01
1.982947587966918945e-01
-5.470200628042221069e-02
-1.603072285652160645e-01
-2.195677161216735840e-01
-2.347627729177474976e-01
-1.625864952802658081e-01
-1.025662422180175781e-01
5.622148141264915466e-02
2.324835062026977539e-01
4.307782649993896484e-01
4.786425232887268066e-01
4.566097557544708252e-01
4.231807291507720947e-01
3.525239825248718262e-01
2.811075150966644287e-01
1.815802603960037231e-01
6.761773675680160522e-02
-1.162417531013488770e-01
-1.998142898082733154e-01
-2.264055162668228149e-01
-1.944960206747055054e-01
-7.901401817798614502e-02
6.153977662324905396e-02
2.453992664813995361e-01
3.327704966068267822e-01
4.095052182674407959e-01
4.049467444419860840e-01
4.368562400341033936e-01
4.452134966850280762e-01
2.142494916915893555e-01
2.279250510036945343e-02
-8.661150932312011719e-02
-2.294445037841796875e-01
-2.757892608642578125e-01
-2.020934820175170898e-01
-1.185210123658180237e-01
1.071247607469558716e-01
2.408407479524612427e-01
4.057064652442932129e-01
4.528110325336456299e-01
4.945972859859466553e-01
4.262197911739349365e-01
3.677190542221069336e-01
2.856660187244415283e-01
1.071247607469558716e-01
1.747423969209194183e-02
-1.451122462749481201e-01
-2.264054864645004272e-01
-2.628735303878784180e-01
-2.385614961385726929e-01
-1.018064916133880615e-01
3.874724358320236206e-02
2.469187676906585693e-01
3.616409897804260254e-01
4.619280099868774414e-01
4.945972263813018799e-01
4.892790317535400391e-01
4.322977364063262939e-01
3.350497782230377197e-01
2.210872620344161987e-01
-1.443526148796081543e-02
-1.124430224299430847e-01
-2.446395158767700195e-01
-2.833867967128753662e-01
-2.697112858295440674e-01
-1.793010085821151733e-01
5.318235605955123901e-03
4.072259664535522461e-01
4.543305635452270508e-01
4.543305039405822754e-01
4.512914717197418213e-01
4.193820059299468994e-01
