4.292587935924530029e-01
8.486407995223999023e-01
6.283132433891296387e-01
3.358094990253448486e-01
6.229950115084648132e-02
-2.051324956119060516e-02
1.747423969209194183e-02
8.889075368642807007e-02
1.603072434663772583e-01
1.663852632045745850e-01
1.755022555589675903e-01
1.793009936809539795e-01
1.717035174369812012e-01
1.641060113906860352e-01
1.785412579774856567e-01
1.610670089721679688e-01
1.922167539596557617e-01
2.127300202846527100e-01
1.967752575874328613e-01
1.443524956703186035e-01
1.261185109615325928e-01
1.641059964895248413e-01
1.724632382392883301e-01
2.476784884929656982e-01
2.400809973478317261e-01
1.929765045642852783e-01
1.641059964895248413e-01
1.610670089721679688e-01
1.793009936809539795e-01
1.694242656230926514e-01
2.340029776096343994e-01
2.157690227031707764e-01
1.815802603960037231e-01
1.397940069437026978e-01
1.557487547397613525e-01
1.937362700700759888e-01
1.937362402677536011e-01
2.400810271501541138e-01
2.309640049934387207e-01
2.028532624244689941e-01
1.618267595767974854e-01
1.717034876346588135e-01
1.489110141992568970e-01
1.785412430763244629e-01
2.210872620344161987e-01
2.036130130290985107e-01
1.868985146284103394e-01
1.625865101814270020e-01
1.922167688608169556e-01
2.051324844360351562e-01
2.453992366790771484e-01
2.324835062026977539e-01
1.724632680416107178e-01
1.451122611761093140e-01
1.496707648038864136e-01
1.815802603960037231e-01
2.165287733078002930e-01
2.317237406969070435e-01
1.884180158376693726e-01
1.648657470941543579e-01
1.413135230541229248e-01
1.587877571582794189e-01
1.709437668323516846e-01
2.051325142383575439e-01
2.484382390975952148e-01
2.127300202846527100e-01
1.663852483034133911e-01
1.451122462749481201e-01
1.755022406578063965e-01
2.005740106105804443e-01
2.499577552080154419e-01
2.370419949293136597e-01
1.732230186462402344e-01
1.603072583675384521e-01
1.648657470941543579e-01
1.762619912624359131e-01
2.028532624244689941e-01
2.545162737369537354e-01
2.446395158767700195e-01
2.188080251216888428e-01
1.587877571582794189e-01
1.777814924716949463e-01
2.074117660522460938e-01
2.643930017948150635e-01
2.309640049934387207e-01
1.732230037450790405e-01
1.694242656230926514e-01
1.724632680416107178e-01
1.770217716693878174e-01
2.051324844360351562e-01
2.491980046033859253e-01
2.112104892730712891e-01
1.823400110006332397e-01
1.610669940710067749e-01
1.793009936809539795e-01
1.565085053443908691e-01
1.975349932909011841e-01
2.294445037841796875e-01
2.112105041742324829e-01
1.853790134191513062e-01
1.648657470941543579e-01
1.808204948902130127e-01
1.603072434663772583e-01
2.081715017557144165e-01
2.264055162668228149e-01
2.233664989471435547e-01
1.929765194654464722e-01
1.359952539205551147e-01
1.390342563390731812e-01
1.861387491226196289e-01
2.218470126390457153e-01
2.393212765455245972e-01
2.210872471332550049e-01
1.785412728786468506e-01
1.709437519311904907e-01
1.861387491226196289e-01
2.294445037841796875e-01
2.529967725276947021e-01
2.453992366790771484e-01
1.891777515411376953e-01
1.610669791698455811e-01
1.504305005073547363e-01
2.119702398777008057e-01
2.309640049934387207e-01
2.172884941101074219e-01
1.770217567682266235e-01
1.542292684316635132e-01
1.739827394485473633e-01
1.435927450656890869e-01
1.663852483034133911e-01
2.431199997663497925e-01
2.400809973478317261e-01
1.914570033550262451e-01
1.625865101814270020e-01
1.861387789249420166e-01
1.762620061635971069e-01
2.165287435054779053e-01
2.210872620344161987e-01
2.028532326221466064e-01
1.876582503318786621e-01
1.732230037450790405e-01
1.686645001173019409e-01
1.489110141992568970e-01
1.648657619953155518e-01
2.279250323772430420e-01
2.203275114297866821e-01
1.967752575874328613e-01
1.656254976987838745e-01
1.800607442855834961e-01
1.473914980888366699e-01
1.967752426862716675e-01
2.165287435054779053e-01
1.701840162277221680e-01
1.603072583675384521e-01
1.625864952802658081e-01
1.891777366399765015e-01
2.051324993371963501e-01
2.378017604351043701e-01
2.233665138483047485e-01
1.861387789249420166e-01
1.618267297744750977e-01
1.747425049543380737e-01
1.793010085821151733e-01
2.203275114297866821e-01
2.203275263309478760e-01
1.808205097913742065e-01
1.565085053443908691e-01
1.633462607860565186e-01
1.610669940710067749e-01
1.701840162277221680e-01
2.058922499418258667e-01
2.226067334413528442e-01
2.172885239124298096e-01
1.884180009365081787e-01
1.694242656230926514e-01
1.511902660131454468e-01
1.732230186462402344e-01
2.446395009756088257e-01
2.309640198945999146e-01
1.990545094013214111e-01
1.701840013265609741e-01
1.519500166177749634e-01
1.694242656230926514e-01
2.188079953193664551e-01
2.567955255508422852e-01
1.838595122098922729e-01
1.686644852161407471e-01
1.701840162277221680e-01
1.587877571582794189e-01
1.785412579774856567e-01
2.347627580165863037e-01
2.081715315580368042e-01
1.663852483034133911e-01
1.701840013265609741e-01
1.724632531404495239e-01
1.861387491226196289e-01
2.127300202846527100e-01
2.188079953193664551e-01
2.051324993371963501e-01
1.922167688608169556e-01
1.823400110006332397e-01
1.755022555589675903e-01
1.701840162277221680e-01
2.112105041742324829e-01
2.241262346506118774e-01
1.785412579774856567e-01
1.603072285652160645e-01
1.755022406578063965e-01
1.724632680416107178e-01
1.853789985179901123e-01
2.210872620344161987e-01
2.043727338314056396e-01
2.005739957094192505e-01
1.929764896631240845e-01
1.732229888439178467e-01
1.663852632045745850e-01
1.618267595767974854e-01
2.112105041742324829e-01
2.416005134582519531e-01
1.975350230932235718e-01
1.679047644138336182e-01
1.686644852161407471e-01
1.625865101814270020e-01
2.332432419061660767e-01
2.233664989471435547e-01
1.906972527503967285e-01
1.777815073728561401e-01
1.709437668323516846e-01
1.572682559490203857e-01
1.838595271110534668e-01
2.036129832267761230e-01
2.089312523603439331e-01
1.823400110006332397e-01
1.671450138092041016e-01
2.058922797441482544e-01
1.785412579774856567e-01
1.975349932909011841e-01
2.340029925107955933e-01
2.195677459239959717e-01
1.777815073728561401e-01
1.770217716693878174e-01
1.777815073728561401e-01
1.732230186462402344e-01
2.134897410869598389e-01
2.286847829818725586e-01
2.074117511510848999e-01
1.701840162277221680e-01
1.747425049543380737e-01
1.739827543497085571e-01
1.755022406578063965e-01
1.876582503318786621e-01
2.180482447147369385e-01
2.074117660522460938e-01
1.762619912624359131e-01
1.587877571582794189e-01
1.610670089721679688e-01
2.157689929008483887e-01
2.332432568073272705e-01
1.899375021457672119e-01
1.701840162277221680e-01
1.656254976987838745e-01
1.762619912624359131e-01
1.732229888439178467e-01
2.233664989471435547e-01
2.233664989471435547e-01
1.906972527503967285e-01
1.808205097913742065e-01
1.861387491226196289e-01
1.549890041351318359e-01
1.603072434663772583e-01
2.051324993371963501e-01
2.210872620344161987e-01
2.104507684707641602e-01
1.732230037450790405e-01
1.793010085821151733e-01
1.686644852161407471e-01
1.663852483034133911e-01
2.112105041742324829e-01
2.203275114297866821e-01
1.975349932909011841e-01
1.656255125999450684e-01
1.770217567682266235e-01
1.709437370300292969e-01
1.785412579774856567e-01
2.172884941101074219e-01
2.043727636337280273e-01
1.793010085821151733e-01
1.846192777156829834e-01
1.914570033550262451e-01
1.922167390584945679e-01
2.066520005464553833e-01
2.013337463140487671e-01
1.838594973087310791e-01
1.717035025358200073e-01
1.944959908723831177e-01
1.663852483034133911e-01
1.998142600059509277e-01
2.127300202846527100e-01
1.906972527503967285e-01
1.944960057735443115e-01
1.884180009365081787e-01
1.777815222740173340e-01
1.724632531404495239e-01
2.248860001564025879e-01
2.203275114297866821e-01
1.838594973087310791e-01
1.595475077629089355e-01
1.701840162277221680e-01
1.770217567682266235e-01
1.595475077629089355e-01
1.899375021457672119e-01
2.127300202846527100e-01
2.036129832267761230e-01
1.739827543497085571e-01
1.906972527503967285e-01
1.777815073728561401e-01
1.785412728786468506e-01
2.195677459239959717e-01
2.355225235223770142e-01
2.142494916915893555e-01
1.952557414770126343e-01
1.701840162277221680e-01
1.648657470941543579e-01
2.119702547788619995e-01
1.967752724885940552e-01
1.701840162277221680e-01
1.823400110006332397e-01
1.648657619953155518e-01
1.770217716693878174e-01
1.846192479133605957e-01
2.378017753362655640e-01
2.119702547788619995e-01
1.732229888439178467e-01
1.549890041351318359e-01
1.929765194654464722e-01
1.762619912624359131e-01
1.975350081920623779e-01
2.051325142383575439e-01
1.884180009365081787e-01
1.686645001173019409e-01
1.527097523212432861e-01
1.549890190362930298e-01
1.724632382392883301e-01
1.709437519311904907e-01
2.302042543888092041e-01
2.036130130290985107e-01
1.618267297744750977e-01
1.580280065536499023e-01
1.686645001173019409e-01
1.793010085821151733e-01
1.853790283203125000e-01
2.104507535696029663e-01
2.142494916915893555e-01
1.663852483034133911e-01
1.838595122098922729e-01
1.739827543497085571e-01
1.929764896631240845e-01
2.195677608251571655e-01
2.089312523603439331e-01
1.755022406578063965e-01
1.861387491226196289e-01
1.838595271110534668e-01
1.960154920816421509e-01
2.157689929008483887e-01
2.210872620344161987e-01
1.929764896631240845e-01
1.519500166177749634e-01
1.641060113906860352e-01
1.557487547397613525e-01
1.663852483034133911e-01
2.058922499418258667e-01
2.431200146675109863e-01
2.020934820175170898e-01
1.739827543497085571e-01
1.732230037450790405e-01
1.823400110006332397e-01
1.929765194654464722e-01
2.340030074119567871e-01
2.400809973478317261e-01
1.747425198554992676e-01
1.557487696409225464e-01
1.633462607860565186e-01
1.785412728786468506e-01
1.770217716693878174e-01
2.150092720985412598e-01
2.241262495517730713e-01
1.922167688608169556e-01
1.747425198554992676e-01
1.701840162277221680e-01
1.732229888439178467e-01
1.990545094013214111e-01
2.119702398777008057e-01
1.861387640237808228e-01
1.527097523212432861e-01
1.747424900531768799e-01
1.861387640237808228e-01
1.861387640237808228e-01
2.233665138483047485e-01
2.172884941101074219e-01
1.838594973087310791e-01
1.694242656230926514e-01
1.808204948902130127e-01
1.762620061635971069e-01
1.770217567682266235e-01
2.302042543888092041e-01
2.385615259408950806e-01
1.838594973087310791e-01
1.625864952802658081e-01
1.663852483034133911e-01
1.656255125999450684e-01
2.089312523603439331e-01
2.286847829818725586e-01
1.975349932909011841e-01
1.724632680416107178e-01
1.595474779605865479e-01
1.944960057735443115e-01
1.975350081920623779e-01
2.256457656621932983e-01
2.378017455339431763e-01
2.264055013656616211e-01
1.701840162277221680e-01
1.815802305936813354e-01
1.838595122098922729e-01
2.271652519702911377e-01
2.370419949293136597e-01
2.036129832267761230e-01
1.755022555589675903e-01
1.777815073728561401e-01
1.967752575874328613e-01
1.808205097913742065e-01
2.134897708892822266e-01
2.142495065927505493e-01
1.747425198554992676e-01
1.724632680416107178e-01
1.663852632045745850e-01
1.967752724885940552e-01
1.952557712793350220e-01
2.340029925107955933e-01
2.172885090112686157e-01
1.739827543497085571e-01
1.732229888439178467e-01
1.747425198554992676e-01
1.891777515411376953e-01
2.165287435054779053e-01
2.393212467432022095e-01
2.081715017557144165e-01
1.770217567682266235e-01
1.496707499027252197e-01
1.603072583675384521e-01
1.747424900531768799e-01
1.891777515411376953e-01
2.127300202846527100e-01
2.051324844360351562e-01
1.572682559490203857e-01
1.527097374200820923e-01
1.641060262918472290e-01
2.195677459239959717e-01
2.514772415161132812e-01
2.157690227031707764e-01
1.770217716693878174e-01
1.679047495126724243e-01
1.838594973087310791e-01
1.944959908723831177e-01
2.165287733078002930e-01
2.226067632436752319e-01
2.036130130290985107e-01
1.572682708501815796e-01
1.610670089721679688e-01
1.808205097913742065e-01
1.762619912624359131e-01
2.058922499418258667e-01
2.218470126390457153e-01
1.967752426862716675e-01
1.808204948902130127e-01
1.709437668323516846e-01
1.648657470941543579e-01
1.686645001173019409e-01
2.134897708892822266e-01
2.195677459239959717e-01
2.089312523603439331e-01
1.656254976987838745e-01
1.671449989080429077e-01
1.823400110006332397e-01
1.724632382392883301e-01
2.195677459239959717e-01
2.309640049934387207e-01
1.747424900531768799e-01
1.595475077629089355e-01
1.686645001173019409e-01
1.785412579774856567e-01
1.960154920816421509e-01
2.005740106105804443e-01
1.899375021457672119e-01
1.709437668323516846e-01
1.838595122098922729e-01
1.709437668323516846e-01
1.755022406578063965e-01
2.362822741270065308e-01
2.279250025749206543e-01
1.709437668323516846e-01
1.565085202455520630e-01
1.641060262918472290e-01
1.686645001173019409e-01
1.823399811983108521e-01
2.248860150575637817e-01
2.005740106105804443e-01
1.777815073728561401e-01
1.534694880247116089e-01
1.663852483034133911e-01
1.944960057735443115e-01
1.975349932909011841e-01
2.074117511510848999e-01
1.975350081920623779e-01
1.846192479133605957e-01
1.572682559490203857e-01
1.671449989080429077e-01
1.656254976987838745e-01
1.770217567682266235e-01
2.264054864645004272e-01
2.150092720985412598e-01
1.823399811983108521e-01
1.625865250825881958e-01
1.717035174369812012e-01
1.937362551689147949e-01
2.157690227031707764e-01
2.142495065927505493e-01
1.891777515411376953e-01
1.808204948902130127e-01
1.739827394485473633e-01
1.656254976987838745e-01
1.914570033550262451e-01
2.226067483425140381e-01
1.868985146284103394e-01
1.595475077629089355e-01
1.519499868154525757e-01
1.762620210647583008e-01
1.952557414770126343e-01
2.248859852552413940e-01
2.233665138483047485e-01
2.043727487325668335e-01
1.724632680416107178e-01
1.732229888439178467e-01
1.899375021457672119e-01
1.884180009365081787e-01
2.218470126390457153e-01
2.271652817726135254e-01
1.975349932909011841e-01
1.777815073728561401e-01
1.853789985179901123e-01
1.815802603960037231e-01
1.906972378492355347e-01
1.960155069828033447e-01
2.226067632436752319e-01
2.150092422962188721e-01
1.656255275011062622e-01
1.724632531404495239e-01
1.747424900531768799e-01
1.724632680416107178e-01
2.461590170860290527e-01
2.484382390975952148e-01
1.944960206747055054e-01
1.641059964895248413e-01
1.755022406578063965e-01
1.990545094013214111e-01
2.431199997663497925e-01
2.233664840459823608e-01
1.868984997272491455e-01
1.663852483034133911e-01
1.603072583675384521e-01
1.762619912624359131e-01
1.967752724885940552e-01
2.507174909114837646e-01
2.112105041742324829e-01
1.686645001173019409e-01
1.458719968795776367e-01
1.580280065536499023e-01
1.618267297744750977e-01
1.944959908723831177e-01
2.400809973478317261e-01
2.233665138483047485e-01
2.005740106105804443e-01
1.595475077629089355e-01
1.709437370300292969e-01
1.846192479133605957e-01
1.800607591867446899e-01
2.529967725276947021e-01
2.218470126390457153e-01
1.679047346115112305e-01
1.435927450656890869e-01
1.580280065536499023e-01
1.762619912624359131e-01
2.248860150575637817e-01
2.484382688999176025e-01
2.043727487325668335e-01
1.458719968795776367e-01
1.610669791698455811e-01
1.694242656230926514e-01
1.944960057735443115e-01
2.529967725276947021e-01
2.347627580165863037e-01
1.618267595767974854e-01
