0.000000000000000000e+00
2.279249951243400574e-03
1.519500045105814934e-03
8.509200811386108398e-02
1.299172490835189819e-01
6.229950115084648132e-02
-1.519499998539686203e-02
-2.066520005464553833e-01
-1.823399960994720459e-01
-2.613539993762969971e-01
-3.320107460021972656e-01
-2.583150267601013184e-01
-1.519500017166137695e-01
1.747424900531768799e-02
4.710450023412704468e-02
2.735100127756595612e-02
3.039000090211629868e-03
8.357250131666660309e-03
2.279249951243400574e-03
2.552760243415832520e-01
5.872867703437805176e-01
7.278405427932739258e-01
3.076987266540527344e-01
-9.648825973272323608e-02
-2.446395009756088257e-01
-4.011480212211608887e-01
-4.505317509174346924e-01
-5.485395193099975586e-01
-5.728514790534973145e-01
-6.321120262145996094e-01
-6.761775016784667969e-01
-7.658280730247497559e-01
-1.337159991264343262e+00
-1.580279946327209473e+00
-2.879452407360076904e-01
-2.643930017948150635e-01
-8.448420166969299316e-01
-5.181495547294616699e-01
1.048455014824867249e-01
3.943102359771728516e-01
3.069389760494232178e-01
-1.291575096547603607e-02
-3.130170106887817383e-01
-3.707580268383026123e-01
-4.277392923831939697e-01
-4.999155104160308838e-01
-6.002025604248046875e-01
-6.191962361335754395e-01
-6.837750673294067383e-01
-6.890932321548461914e-01
-7.377172708511352539e-01
-7.825424671173095703e-01
-8.022960424423217773e-01
-8.410432934761047363e-01
-8.266080617904663086e-01
-8.904270529747009277e-01
-8.972648382186889648e-01
-9.109402298927307129e-01
-8.790307641029357910e-01
-9.094207286834716797e-01
-9.147390723228454590e-01
-9.063817858695983887e-01
-9.306938052177429199e-01
-9.018232822418212891e-01
-9.466485381126403809e-01
-1.176092982292175293e+00
-1.394141316413879395e+00
-1.769457817077636719e+00
-6.427485346794128418e-01
-9.983115196228027344e-01
-1.246749758720397949e+00
-4.991557598114013672e-01
-7.118857502937316895e-01
-7.483537197113037109e-01
-4.680059850215911865e-01
-2.233665138483047485e-01
-1.542292535305023193e-01
-4.482525214552879333e-02
4.786425456404685974e-02
6.055207848548889160e-01
2.651527225971221924e-01
4.178624972701072693e-02
1.549890041351318359e-01
4.224210083484649658e-01
4.968764781951904297e-01
5.485395193099975586e-01
6.123585104942321777e-01
6.966907978057861328e-01
7.263210415840148926e-01
8.098935484886169434e-01
8.167312741279602051e-01
9.185377359390258789e-01
9.458886981010437012e-01
9.344924688339233398e-01
8.843490481376647949e-01
9.177780151367187500e-01
1.016545534133911133e+00
1.057572007179260254e+00
1.053013563156127930e+00
1.026422381401062012e+00
1.106196045875549316e+00
1.286256909370422363e+00
7.111260294914245605e-01
-2.583150193095207214e-02
9.724800288677215576e-02
4.854802787303924561e-01
7.460744976997375488e-01
8.661150336265563965e-01
7.536720037460327148e-01
5.097922682762145996e-01
4.657267630100250244e-01
5.622150301933288574e-01
7.096065282821655273e-01
7.954582571983337402e-01
8.045752644538879395e-01
7.453147172927856445e-01
7.035284638404846191e-01
6.936517953872680664e-01
7.263210415840148926e-01
8.942258358001708984e-01
9.344925284385681152e-01
8.683943152427673340e-01
8.136923313140869141e-01
8.197702765464782715e-01
8.820697665214538574e-01
9.048622846603393555e-01
8.676345348358154297e-01
8.752319812774658203e-01
9.489277601242065430e-01
9.246158003807067871e-01
9.048622846603393555e-01
8.995440602302551270e-01
8.851087689399719238e-01
8.737124800682067871e-01
9.101805686950683594e-01
9.154987335205078125e-01
9.709605574607849121e-01
9.519667625427246094e-01
8.881477713584899902e-01
8.721929788589477539e-01
9.390510916709899902e-01
9.215767383575439453e-01
8.782709836959838867e-01
7.787438035011291504e-01
7.643085718154907227e-01
8.266080617904663086e-01
8.828295469284057617e-01
9.489277005195617676e-01
1.046175718307495117e+00
1.021863818168640137e+00
1.021863818168640137e+00
1.053773283958435059e+00
1.113793611526489258e+00
1.132027506828308105e+00
1.169255256652832031e+00
1.059091567993164062e+00
1.065169453620910645e+00
1.115313053131103516e+00
1.193567276000976562e+00
1.174573540687561035e+00
1.155579686164855957e+00
1.176852822303771973e+00
1.180651545524597168e+00
1.172294259071350098e+00
1.177612543106079102e+00
1.180651545524597168e+00
1.141144514083862305e+00
1.195086836814880371e+00
1.210281848907470703e+00
1.197366118431091309e+00
1.171534538269042969e+00
1.217879295349121094e+00
1.174573540687561035e+00
1.212561011314392090e+00
1.163936972618103027e+00
1.122150778770446777e+00
1.153300642967224121e+00
1.212561011314392090e+00
1.238392591476440430e+00
1.211041688919067383e+00
1.195846557617187500e+00
1.107715606689453125e+00
1.135826230049133301e+00
1.227756023406982422e+00
1.236872911453247070e+00
1.189768552780151367e+00
1.200405120849609375e+00
1.214080691337585449e+00
1.169255256652832031e+00
1.207242846488952637e+00
1.229275465011596680e+00
1.208762288093566895e+00
1.203444004058837891e+00
1.187489271163940430e+00
1.125949501991271973e+00
1.062130570411682129e+00
1.062890291213989258e+00
1.154819965362548828e+00
1.223957300186157227e+00
1.245230197906494141e+00
1.239912033081054688e+00
1.138105511665344238e+00
1.167735815048217773e+00
1.239152193069458008e+00
1.236873030662536621e+00
1.185210108757019043e+00
1.157099246978759766e+00
1.195846557617187500e+00
1.158618688583374023e+00
1.210281729698181152e+00
1.220158576965332031e+00
1.241431474685668945e+00
1.257386326789855957e+00
1.248269200325012207e+00
1.179891824722290039e+00
1.163177251815795898e+00
1.103916764259338379e+00
1.062890172004699707e+00
1.103916764259338379e+00
1.109235048294067383e+00
1.101637601852416992e+00
1.096319317817687988e+00
1.101637601852416992e+00
1.084163308143615723e+00
1.100118041038513184e+00
1.183690547943115234e+00
1.201924562454223633e+00
1.117592215538024902e+00
1.075806021690368652e+00
1.128228783607482910e+00
1.161657691001892090e+00
1.128988504409790039e+00
1.148741960525512695e+00
1.135826230049133301e+00
1.144943356513977051e+00
1.116072893142700195e+00
1.183690547943115234e+00
1.175333261489868164e+00
1.157099246978759766e+00
1.166975975036621094e+00
1.212561011314392090e+00
1.183690547943115234e+00
1.154060363769531250e+00
1.164696693420410156e+00
1.147222399711608887e+00
1.130508184432983398e+00
1.189768552780151367e+00
1.220158576965332031e+00
1.163177251815795898e+00
1.181411266326904297e+00
1.170014977455139160e+00
1.175333261489868164e+00
1.209522008895874023e+00
1.198885560035705566e+00
1.152540683746337891e+00
1.183690547943115234e+00
1.197366118431091309e+00
1.189008831977844238e+00
1.208762407302856445e+00
1.211801290512084961e+00
1.203444123268127441e+00
1.103157043457031250e+00
1.162417531013488770e+00
1.211801409721374512e+00
1.227756023406982422e+00
1.210281848907470703e+00
1.210281729698181152e+00
1.127469062805175781e+00
1.115313053131103516e+00
1.105436325073242188e+00
1.132787227630615234e+00
1.199645280838012695e+00
1.242951035499572754e+00
1.127469062805175781e+00
1.119111895561218262e+00
1.144183397293090820e+00
1.170774817466735840e+00
1.147982358932495117e+00
1.108475327491760254e+00
1.116832613945007324e+00
1.223957300186157227e+00
1.260425329208374023e+00
1.136586070060729980e+00
1.059091567993164062e+00
1.037818551063537598e+00
1.094040036201477051e+00
1.265743494033813477e+00
1.318925976753234863e+00
1.359192848205566406e+00
1.374387860298156738e+00
1.321964979171752930e+00
1.290055632591247559e+00
1.319685697555541992e+00
1.305250525474548340e+00
1.307529687881469727e+00
1.252068042755126953e+00
1.214080691337585449e+00
1.151780962944030762e+00
1.227756023406982422e+00
1.244470477104187012e+00
1.261185050010681152e+00
1.168495535850524902e+00
1.040097832679748535e+00
1.044656395912170410e+00
1.180651545524597168e+00
1.252827763557434082e+00
1.233834028244018555e+00
1.224717020988464355e+00
1.224717020988464355e+00
1.204963564872741699e+00
1.170014977455139160e+00
1.211801409721374512e+00
1.236872911453247070e+00
1.251308202743530273e+00
1.174573540687561035e+00
1.118352055549621582e+00
1.095559597015380859e+00
1.138865351676940918e+00
1.216359734535217285e+00
1.230795025825500488e+00
1.191288113594055176e+00
1.160138249397277832e+00
1.083403468132019043e+00
1.150261402130126953e+00
1.244470477104187012e+00
1.125189781188964844e+00
1.105436325073242188e+00
1.076565742492675781e+00
1.052253842353820801e+00
1.084923028945922852e+00
1.198125839233398438e+00
1.283977627754211426e+00
1.218639016151428223e+00
1.154060244560241699e+00
1.130508065223693848e+00
1.163936972618103027e+00
1.204963445663452148e+00
1.208002448081970215e+00
1.122150778770446777e+00
1.072007179260253906e+00
1.109994888305664062e+00
1.167735815048217773e+00
1.157858967781066895e+00
1.104676604270935059e+00
1.086442470550537109e+00
1.170774817466735840e+00
1.188249111175537109e+00
1.176092982292175293e+00
1.112274050712585449e+00
1.128988504409790039e+00
1.188249111175537109e+00
1.245230197906494141e+00
1.186729550361633301e+00
1.170014977455139160e+00
1.183690547943115234e+00
1.141144514083862305e+00
1.160138249397277832e+00
1.217879295349121094e+00
1.177612543106079102e+00
1.116832613945007324e+00
1.165456533432006836e+00
1.173053979873657227e+00
1.122910499572753906e+00
1.176092982292175293e+00
1.270302057266235352e+00
1.256626486778259277e+00
1.121390938758850098e+00
1.037058711051940918e+00
9.610837697982788086e-01
1.001350522041320801e+00
1.098598599433898926e+00
1.145703077316284180e+00
1.229275584220886230e+00
1.350835561752319336e+00
1.378946304321289062e+00
1.294613957405090332e+00
1.166975975036621094e+00
1.140384793281555176e+00
1.152540802955627441e+00
1.111514329910278320e+00
1.203444004058837891e+00
1.315887093544006348e+00
1.347796559333801270e+00
1.243710756301879883e+00
1.072767019271850586e+00
1.030980706214904785e+00
1.100877761840820312e+00
1.157858967781066895e+00
1.257386326789855957e+00
1.255107045173645020e+00
1.167735815048217773e+00
1.171534538269042969e+00
1.178372263908386230e+00
1.159378528594970703e+00
1.059851288795471191e+00
9.876750707626342773e-01
1.006668806076049805e+00
1.063650012016296387e+00
1.109235048294067383e+00
1.186729550361633301e+00
1.290055513381958008e+00
1.258905768394470215e+00
1.214840292930603027e+00
1.125189781188964844e+00
1.078085184097290039e+00
1.066689133644104004e+00
1.079604744911193848e+00
1.163177251815795898e+00
1.207242846488952637e+00
1.249788761138916016e+00
1.293094635009765625e+00
1.311328411102294922e+00
1.275620341300964355e+00
1.332601547241210938e+00
1.283217906951904297e+00
1.318925976753234863e+00
1.299172520637512207e+00
1.299932241439819336e+00
1.255107045173645020e+00
1.234593868255615234e+00
1.244470477104187012e+00
1.233074307441711426e+00
1.239912033081054688e+00
1.252827763557434082e+00
1.287016510963439941e+00
1.296893239021301270e+00
1.279419064521789551e+00
1.288535952568054199e+00
1.289295911788940430e+00
1.296893239021301270e+00
1.308289527893066406e+00
1.283977627754211426e+00
1.267263054847717285e+00
1.237632751464843750e+00
1.223957300186157227e+00
1.198125839233398438e+00
1.223197579383850098e+00
1.306010246276855469e+00
1.284737348556518555e+00
1.256626486778259277e+00
1.261185050010681152e+00
1.274860620498657227e+00
1.258905768394470215e+00
1.296133518218994141e+00
1.309809088706970215e+00
1.274860620498657227e+00
1.274100780487060547e+00
1.261185050010681152e+00
1.247509479522705078e+00
1.230035185813903809e+00
1.242951035499572754e+00
1.254347324371337891e+00
1.277139782905578613e+00
1.325003981590270996e+00
1.226996302604675293e+00
1.280178785324096680e+00
1.306770086288452148e+00
1.286256909370422363e+00
1.233074307441711426e+00
1.222437739372253418e+00
1.284737348556518555e+00
1.299172520637512207e+00
1.217119574546813965e+00
1.160897970199584961e+00
1.059851169586181641e+00
1.058331727981567383e+00
1.238392472267150879e+00
1.303731083869934082e+00
1.302211523056030273e+00
1.246749758720397949e+00
1.198125839233398438e+00
1.198125839233398438e+00
1.207242727279663086e+00
1.233833909034729004e+00
1.249029040336608887e+00
1.201164841651916504e+00
1.233833909034729004e+00
1.154819965362548828e+00
1.179131984710693359e+00
1.187489271163940430e+00
1.204203844070434570e+00
1.206483006477355957e+00
1.191288113594055176e+00
1.223197579383850098e+00
1.175333261489868164e+00
1.161657691001892090e+00
1.196606397628784180e+00
1.208002567291259766e+00
1.193567276000976562e+00
1.195086836814880371e+00
1.181411266326904297e+00
1.198885560035705566e+00
1.220158576965332031e+00
1.198125839233398438e+00
1.170014977455139160e+00
1.197366118431091309e+00
1.199645400047302246e+00
1.180651545524597168e+00
1.200405120849609375e+00
1.215600013732910156e+00
1.163177251815795898e+00
1.185969829559326172e+00
1.213320732116699219e+00
1.175333261489868164e+00
1.173813819885253906e+00
1.217119574546813965e+00
1.171534538269042969e+00
1.188249111175537109e+00
1.205723404884338379e+00
1.198885560035705566e+00
1.190528273582458496e+00
1.197366118431091309e+00
1.208002567291259766e+00
1.216359734535217285e+00
1.212561130523681641e+00
1.220158576965332031e+00
1.190528273582458496e+00
1.195846557617187500e+00
1.165456533432006836e+00
1.168495535850524902e+00
1.211041569709777832e+00
1.192807555198669434e+00
1.193567276000976562e+00
1.214840292930603027e+00
1.204963445663452148e+00
1.154060244560241699e+00
1.195086836814880371e+00
1.223957300186157227e+00
1.213320732116699219e+00
1.183690547943115234e+00
1.186729550361633301e+00
1.201164722442626953e+00
1.201924562454223633e+00
1.201924562454223633e+00
1.194327116012573242e+00
1.179891824722290039e+00
1.198885560035705566e+00
1.187489271163940430e+00
1.620546817779541016e+00
1.812763571739196777e+00
1.403258323669433594e+00
1.271821618080139160e+00
8.433225154876708984e-01
9.709605574607849121e-01
7.719060778617858887e-01
6.229950189590454102e-01
4.490122795104980469e-01
3.532837629318237305e-01
2.180482447147369385e-01
1.276380121707916260e-01
1.215600129216909409e-02
-2.583150193095207214e-02
-1.686645001173019409e-01
-2.955427765846252441e-01
-3.525239825248718262e-01
-4.376159906387329102e-01
-5.272665023803710938e-01
-5.690526962280273438e-01
-6.283132433891296387e-01
-6.153974533081054688e-01
-6.526252627372741699e-01
-7.118857502937316895e-01
-7.597500085830688477e-01
-8.516798019409179688e-01
-8.326860070228576660e-01
-8.098935484886169434e-01
-8.144519925117492676e-01
-8.653553128242492676e-01
-9.079012870788574219e-01
-9.041025042533874512e-01
-9.018233418464660645e-01
-9.056220054626464844e-01
-9.261353015899658203e-01
-9.481680393218994141e-01
-9.512070417404174805e-01
-9.405705928802490234e-01
-9.945127367973327637e-01
-9.876750111579895020e-01
-9.785580039024353027e-01
-9.610837697982788086e-01
-9.512069821357727051e-01
-1.009707808494567871e+00
-9.565252661705017090e-01
-9.496875405311584473e-01
-9.671617746353149414e-01
-1.028701543807983398e+00
-9.755190610885620117e-01
-9.337328076362609863e-01
-9.565252661705017090e-01
-1.019584536552429199e+00
-9.876750111579895020e-01
-9.481680393218994141e-01
-9.580447673797607422e-01
-1.025662541389465332e+00
-9.747592806816101074e-01
-9.717202782630920410e-01
-1.029461383819580078e+00
-1.015785813331604004e+00
-1.007428526878356934e+00
-9.739995002746582031e-01
-1.001350522041320801e+00
