-7.597500225529074669e-04
-7.597500225529074669e-04
0.000000000000000000e+00
7.597500225529074669e-04
0.000000000000000000e+00
7.597500225529074669e-04
7.597500225529074669e-04
0.000000000000000000e+00
1.519500045105814934e-03
-7.597500225529074669e-04
1.519500045105814934e-03
7.597500225529074669e-04
0.000000000000000000e+00
0.000000000000000000e+00
-7.597500225529074669e-04
0.000000000000000000e+00
0.000000000000000000e+00
7.597500225529074669e-04
-1.519500045105814934e-03
0.000000000000000000e+00
1.519500045105814934e-03
-7.597500225529074669e-04
7.597500225529074669e-04
1.519500045105814934e-03
-7.597500225529074669e-04
0.000000000000000000e+00
0.000000000000000000e+00
0.000000000000000000e+00
0.000000000000000000e+00
7.597500225529074669e-04
7.597500225529074669e-04
-7.597500225529074669e-04
0.000000000000000000e+00
0.000000000000000000e+00
7.597500225529074669e-04
7.597500225529074669e-04
-2.279249951243400574e-03
0.000000000000000000e+00
0.000000000000000000e+00
-7.597500225529074669e-04
0.000000000000000000e+00
-7.597500225529074669e-04
0.000000000000000000e+00
-7.597500225529074669e-04
0.000000000000000000e+00
-1.519500045105814934e-03
1.519500045105814934e-03
7.597500225529074669e-04
-7.597500225529074669e-04
1.519500045105814934e-03
0.000000000000000000e+00
-7.597500225529074669e-04
1.519500045105814934e-03
0.000000000000000000e+00
7.597500225529074669e-04
2.279249951243400574e-03
0.000000000000000000e+00
0.000000000000000000e+00
1.519500045105814934e-03
0.000000000000000000e+00
7.597500225529074669e-04
-7.597500225529074669e-04
7.597500225529074669e-04
3.646799921989440918e-02
7.506330013275146484e-01
5.606955289840698242e-01
2.788282632827758789e-01
1.891777515411376953e-01
1.542292535305023193e-01
3.418875113129615784e-02
-5.318250507116317749e-03
-9.876750409603118896e-03
-1.367550063878297806e-02
1.063650008291006088e-02
0.000000000000000000e+00
0.000000000000000000e+00
0.000000000000000000e+00
-1.595475152134895325e-02
-2.659125253558158875e-02
3.570825234055519104e-02
6.837750319391489029e-03
6.837749853730201721e-03
-6.837749853730201721e-03
-2.887050062417984009e-02
-1.230795010924339294e-01
1.215600073337554932e-01
8.205299824476242065e-02
-4.558500275015830994e-02
1.367549970746040344e-02
0.000000000000000000e+00
4.558499902486801147e-03
1.025662496685981750e-01
6.153975054621696472e-02
-7.217624783515930176e-02
-1.063650101423263550e-02
3.342900425195693970e-02
2.583150193095207214e-02
-1.139624975621700287e-02
-3.114975057542324066e-02
-3.039000090211629868e-03
-4.558500368148088455e-03
-1.519500045105814934e-03
9.116999804973602295e-03
2.036129981279373169e-01
2.180482447147369385e-01
1.694242656230926514e-01
-4.558499902486801147e-03
-1.367550045251846313e-01
3.092182576656341553e-01
9.572850912809371948e-02
1.177612617611885071e-01
7.369574904441833496e-02
0.000000000000000000e+00
-5.318250041455030441e-03
-2.279249951243400574e-03
7.597500225529074669e-04
-7.597500225529074669e-04
1.519500045105814934e-03
0.000000000000000000e+00
0.000000000000000000e+00
-1.519500045105814934e-03
-7.597500225529074669e-04
7.597500225529074669e-04
7.597500225529074669e-04
7.597500225529074669e-04
-7.597500225529074669e-04
-7.597500225529074669e-04
-1.519500045105814934e-03
0.000000000000000000e+00
1.519500045105814934e-03
-1.519500045105814934e-03
7.597500225529074669e-04
-7.597500225529074669e-04
-2.279249951243400574e-03
-7.597500225529074669e-04
-1.519500045105814934e-03
0.000000000000000000e+00
1.519500045105814934e-03
7.597500225529074669e-04
-7.597500225529074669e-04
0.000000000000000000e+00
-1.519500045105814934e-03
0.000000000000000000e+00
-1.519500045105814934e-03
7.597500225529074669e-04
7.597500225529074669e-04
0.000000000000000000e+00
-7.597500225529074669e-04
-7.597500225529074669e-04
7.597500225529074669e-04
7.597500225529074669e-04
0.000000000000000000e+00
-7.597500225529074669e-04
0.000000000000000000e+00
1.519500045105814934e-03
0.000000000000000000e+00
7.597500225529074669e-04
-7.597500225529074669e-04
-7.597500225529074669e-04
1.519500045105814934e-03
-7.597500225529074669e-04
0.000000000000000000e+00
-7.597500225529074669e-04
7.597500225529074669e-04
0.000000000000000000e+00
2.279249951243400574e-03
1.519500045105814934e-03
0.000000000000000000e+00
1.519500045105814934e-03
1.519500045105814934e-03
0.000000000000000000e+00
-1.519500045105814934e-03
-7.597500225529074669e-04
7.597500225529074669e-04
-7.597500225529074669e-04
-7.597500225529074669e-04
-7.597500225529074669e-04
-7.597500225529074669e-04
2.279249951243400574e-03
-7.597500225529074669e-04
-7.597500225529074669e-04
-7.597500225529074669e-04
-7.597500225529074669e-04
-1.519500045105814934e-03
0.000000000000000000e+00
0.000000000000000000e+00
1.519500045105814934e-03
7.597500225529074669e-04
7.597500225529074669e-04
-1.519500045105814934e-03
-7.597500225529074669e-04
1.519500045105814934e-03
-7.597500225529074669e-04
7.597500225529074669e-04
0.000000000000000000e+00
-1.519500045105814934e-03
-1.519500045105814934e-03
-1.519500045105814934e-03
-7.597500225529074669e-04
-1.519500045105814934e-03
1.519500045105814934e-03
-1.519500045105814934e-03
7.597500225529074669e-04
-7.597500225529074669e-04
-7.597500225529074669e-04
-7.597500225529074669e-04
1.519500045105814934e-03
7.597500225529074669e-04
7.597500225529074669e-04
4.254600405693054199e-02
6.830152869224548340e-01
7.665877342224121094e-01
4.801619946956634521e-01
1.701840162277221680e-01
3.342899307608604431e-02
1.443524658679962158e-02
4.786425456404685974e-02
1.565085053443908691e-01
1.671450138092041016e-01
1.382744908332824707e-01
1.686645001173019409e-01
1.618267297744750977e-01
1.929765045642852783e-01
1.838595271110534668e-01
1.952557414770126343e-01
1.709437519311904907e-01
1.595475077629089355e-01
2.134897708892822266e-01
2.431200146675109863e-01
1.846192777156829834e-01
1.542292386293411255e-01
1.610669791698455811e-01
1.861387491226196289e-01
1.709437519311904907e-01
2.226067632436752319e-01
2.013337463140487671e-01
1.830997467041015625e-01
1.549890041351318359e-01
1.633462458848953247e-01
1.580279916524887085e-01
2.233665138483047485e-01
2.378017455339431763e-01
1.861387640237808228e-01
1.587877571582794189e-01
1.853789985179901123e-01
1.709437668323516846e-01
1.633462607860565186e-01
1.967752426862716675e-01
1.990545243024826050e-01
1.899374872446060181e-01
1.603072434663772583e-01
1.641059964895248413e-01
1.663852632045745850e-01
1.800607591867446899e-01
2.302042543888092041e-01
2.286847531795501709e-01
1.717035025358200073e-01
1.527097374200820923e-01
1.641060262918472290e-01
1.732230037450790405e-01
1.701840162277221680e-01
2.134897708892822266e-01
2.096910029649734497e-01
1.838595122098922729e-01
1.694242656230926514e-01
1.656255125999450684e-01
1.762620061635971069e-01
1.679047495126724243e-01
2.036129832267761230e-01
2.157690227031707764e-01
1.793009936809539795e-01
1.656254976987838745e-01
1.663852483034133911e-01
1.770217716693878174e-01
2.028532624244689941e-01
1.952557414770126343e-01
1.595474928617477417e-01
1.587877571582794189e-01
1.739827692508697510e-01
1.838595271110534668e-01
1.846192628145217896e-01
2.347627431154251099e-01
2.134897708892822266e-01
1.793010085821151733e-01
1.610669791698455811e-01
1.580280214548110962e-01
1.451122462749481201e-01
1.838594973087310791e-01
2.150092720985412598e-01
2.104507535696029663e-01
1.762620210647583008e-01
1.557487696409225464e-01
1.755022406578063965e-01
1.625864952802658081e-01
1.838595271110534668e-01
2.089312523603439331e-01
1.922167390584945679e-01
1.633462458848953247e-01
1.694242656230926514e-01
1.785412579774856567e-01
1.603072583675384521e-01
1.838595271110534668e-01
2.188080102205276489e-01
2.081715017557144165e-01
1.914570182561874390e-01
1.549890190362930298e-01
1.511902660131454468e-01
1.846192479133605957e-01
2.157690078020095825e-01
2.226067632436752319e-01
1.785412579774856567e-01
1.679047495126724243e-01
1.610670089721679688e-01
1.656254976987838745e-01
1.922167688608169556e-01
2.210872620344161987e-01
1.929764896631240845e-01
1.717035174369812012e-01
1.853789985179901123e-01
1.633462607860565186e-01
1.899375021457672119e-01
2.089312523603439331e-01
2.127300202846527100e-01
1.952557414770126343e-01
1.686645001173019409e-01
1.565085053443908691e-01
1.557487547397613525e-01
1.496707499027252197e-01
2.188079953193664551e-01
2.226067632436752319e-01
1.914570182561874390e-01
1.633462756872177124e-01
1.496707648038864136e-01
1.504305005073547363e-01
1.656255125999450684e-01
1.922167688608169556e-01
1.944960057735443115e-01
1.846192479133605957e-01
1.557487696409225464e-01
1.549890041351318359e-01
1.709437370300292969e-01
2.317237555980682373e-01
2.279250025749206543e-01
1.838595271110534668e-01
1.800607591867446899e-01
1.830997616052627563e-01
1.755022704601287842e-01
1.633462458848953247e-01
2.036130130290985107e-01
2.157690078020095825e-01
1.830997616052627563e-01
1.565085053443908691e-01
1.717035174369812012e-01
1.694242656230926514e-01
1.823399960994720459e-01
2.195677459239959717e-01
2.180482447147369385e-01
1.739827394485473633e-01
1.572682559490203857e-01
1.648657619953155518e-01
1.694242656230926514e-01
1.732230037450790405e-01
2.309640049934387207e-01
2.058922648429870605e-01
1.800607591867446899e-01
1.542292535305023193e-01
1.679047495126724243e-01
1.663852483034133911e-01
1.686645150184631348e-01
2.089312523603439331e-01
2.112105041742324829e-01
1.755022555589675903e-01
1.496707499027252197e-01
1.496707648038864136e-01
1.785412430763244629e-01
2.340030074119567871e-01
1.952557414770126343e-01
1.663852483034133911e-01
1.572682410478591919e-01
1.625865101814270020e-01
1.549890190362930298e-01
1.724632680416107178e-01
2.066520303487777710e-01
2.112105041742324829e-01
1.595475077629089355e-01
1.580280065536499023e-01
1.732230037450790405e-01
1.739827692508697510e-01
1.686644852161407471e-01
2.157689929008483887e-01
1.815802603960037231e-01
1.572682410478591919e-01
1.527097523212432861e-01
1.868984997272491455e-01
1.906972527503967285e-01
2.020935118198394775e-01
2.203275114297866821e-01
2.142495214939117432e-01
1.906972527503967285e-01
1.747424900531768799e-01
1.755022406578063965e-01
1.679047495126724243e-01
1.603072434663772583e-01
1.944960206747055054e-01
2.081715017557144165e-01
1.884180009365081787e-01
1.557487547397613525e-01
1.633462607860565186e-01
1.587877571582794189e-01
1.982947736978530884e-01
2.089312672615051270e-01
1.709437668323516846e-01
1.648657470941543579e-01
1.838594973087310791e-01
1.679047495126724243e-01
1.762620061635971069e-01
2.096910029649734497e-01
2.127300202846527100e-01
1.853790134191513062e-01
1.595475077629089355e-01
1.686645001173019409e-01
1.451122611761093140e-01
1.587877571582794189e-01
2.036130130290985107e-01
2.020935118198394775e-01
1.717035174369812012e-01
1.663852483034133911e-01
1.473914980888366699e-01
1.572682559490203857e-01
1.815802603960037231e-01
2.005740106105804443e-01
1.982947587966918945e-01
1.899375021457672119e-01
1.565085053443908691e-01
1.694242656230926514e-01
1.504304856061935425e-01
1.641060262918472290e-01
2.248860150575637817e-01
2.172884941101074219e-01
1.853789985179901123e-01
1.739827692508697510e-01
1.580280214548110962e-01
1.580280065536499023e-01
1.838595271110534668e-01
2.180482447147369385e-01
1.717035025358200073e-01
1.299172639846801758e-01
1.565085053443908691e-01
1.732229888439178467e-01
1.793010085821151733e-01
2.119702547788619995e-01
2.043727636337280273e-01
1.679047644138336182e-01
1.549890190362930298e-01
1.701840162277221680e-01
1.648657619953155518e-01
1.838595122098922729e-01
2.172884941101074219e-01
1.975350081920623779e-01
1.808205097913742065e-01
1.473914831876754761e-01
1.625864952802658081e-01
1.603072583675384521e-01
1.496707648038864136e-01
2.142495065927505493e-01
2.104507535696029663e-01
1.648657470941543579e-01
1.443524956703186035e-01
1.504305005073547363e-01
1.709437668323516846e-01
1.914570182561874390e-01
2.347627580165863037e-01
1.975350081920623779e-01
1.762619912624359131e-01
1.519500017166137695e-01
1.709437668323516846e-01
1.793010085821151733e-01
1.982947736978530884e-01
2.005740106105804443e-01
1.785412579774856567e-01
1.519500017166137695e-01
1.648657470941543579e-01
1.709437668323516846e-01
1.808205097913742065e-01
2.271652519702911377e-01
1.960155069828033447e-01
1.709437668323516846e-01
1.443524956703186035e-01
1.603072583675384521e-01
1.694242507219314575e-01
1.717035025358200073e-01
2.286847531795501709e-01
2.058922499418258667e-01
1.724632680416107178e-01
1.686645001173019409e-01
1.724632680416107178e-01
1.694242507219314575e-01
1.899375021457672119e-01
2.127300202846527100e-01
1.975349932909011841e-01
1.922167688608169556e-01
1.458719968795776367e-01
1.656254976987838745e-01
1.625865250825881958e-01
1.641059964895248413e-01
1.937362700700759888e-01
1.944959908723831177e-01
1.701840162277221680e-01
1.679047644138336182e-01
1.717035025358200073e-01
1.625865250825881958e-01
1.762620061635971069e-01
1.960154920816421509e-01
2.112105041742324829e-01
1.641060113906860352e-01
1.891777515411376953e-01
1.709437668323516846e-01
1.755022555589675903e-01
2.020934969186782837e-01
2.036129832267761230e-01
1.815802603960037231e-01
1.785412579774856567e-01
1.701840162277221680e-01
1.625865250825881958e-01
1.648657619953155518e-01
1.937362402677536011e-01
1.982947736978530884e-01
2.089312672615051270e-01
1.762619912624359131e-01
1.891777515411376953e-01
1.861387789249420166e-01
1.800607591867446899e-01
2.127300202846527100e-01
2.165287584066390991e-01
1.861387640237808228e-01
1.580279916524887085e-01
1.413135230541229248e-01
1.717035174369812012e-01
1.944960206747055054e-01
2.362822741270065308e-01
2.020935118198394775e-01
1.891777664422988892e-01
1.473914980888366699e-01
1.580280065536499023e-01
1.663852483034133911e-01
1.800607591867446899e-01
2.028532624244689941e-01
1.998142749071121216e-01
1.868984997272491455e-01
1.876582652330398560e-01
1.603072583675384521e-01
1.641059964895248413e-01
2.188079953193664551e-01
2.096910029649734497e-01
1.808204948902130127e-01
1.481512486934661865e-01
1.504305154085159302e-01
1.603072583675384521e-01
1.891777515411376953e-01
2.119702547788619995e-01
2.036129832267761230e-01
1.724632680416107178e-01
1.686645001173019409e-01
1.793009936809539795e-01
1.549890190362930298e-01
1.656255125999450684e-01
2.210872620344161987e-01
2.104507535696029663e-01
1.755022555589675903e-01
1.618267595767974854e-01
1.595475077629089355e-01
1.671449989080429077e-01
1.717035025358200073e-01
2.058922797441482544e-01
2.294445335865020752e-01
1.884180009365081787e-01
1.663852483034133911e-01
1.603072583675384521e-01
1.511902660131454468e-01
1.739827543497085571e-01
2.210872471332550049e-01
2.058922797441482544e-01
1.838594973087310791e-01
1.435927450656890869e-01
1.572682559490203857e-01
1.679047495126724243e-01
2.020935118198394775e-01
2.127299904823303223e-01
1.785412430763244629e-01
1.679047495126724243e-01
1.762619912624359131e-01
1.671449989080429077e-01
1.853789985179901123e-01
2.119702398777008057e-01
1.876582503318786621e-01
1.922167688608169556e-01
1.572682559490203857e-01
1.565085053443908691e-01
1.451122611761093140e-01
1.587877422571182251e-01
