-1.975350081920623779e-02
-4.733242690563201904e-01
-1.539253592491149902e+00
-1.640300273895263672e+00
-3.798749763518571854e-03
-6.085597872734069824e-01
-1.158618688583374023e+00
-7.749450206756591797e-02
-6.526252627372741699e-01
-5.812087655067443848e-01
-2.416005134582519531e-01
-4.938375204801559448e-02
6.609825044870376587e-02
6.685800105333328247e-02
5.242275074124336243e-02
5.242275074124336243e-02
6.533849984407424927e-02
6.078000366687774658e-02
8.053350448608398438e-02
9.420900046825408936e-02
8.889075368642807007e-02
1.094039976596832275e-01
1.192807480692863464e-01
1.367550045251846313e-01
1.549890041351318359e-01
1.709437668323516846e-01
1.891777515411376953e-01
2.020935118198394775e-01
2.332432568073272705e-01
2.355225086212158203e-01
2.674320340156555176e-01
2.833867669105529785e-01
3.350497484207153320e-01
3.783555030822753906e-01
4.429342746734619141e-01
4.900387823581695557e-01
5.044740438461303711e-01
5.599358081817626953e-01
6.435082554817199707e-01
7.050479650497436523e-01
7.551915049552917480e-01
8.851087689399719238e-01
9.230962991714477539e-01
9.998310208320617676e-01
1.081884026527404785e+00
1.270302057266235352e+00
1.346276998519897461e+00
1.448843359947204590e+00
1.521779298782348633e+00
1.589397072792053223e+00
1.654735445976257324e+00
1.714755892753601074e+00
1.818841457366943359e+00
1.910771250724792480e+00
1.984466910362243652e+00
2.080955266952514648e+00
2.118942975997924805e+00
2.118183135986328125e+00
2.158449649810791016e+00
2.194158077239990234e+00
2.272412300109863281e+00
2.296724319458007812e+00
2.347627639770507812e+00
2.368140935897827148e+00
2.350666522979736328e+00
2.427401304244995117e+00
2.406128168106079102e+00
2.403849124908447266e+00
2.454752445220947266e+00
2.491980075836181641e+00
2.472986459732055664e+00
2.454752445220947266e+00
2.476025342941284180e+00
2.463869333267211914e+00
2.469947338104248047e+00
2.501857042312622070e+00
2.509454250335693359e+00
2.493499517440795898e+00
2.497298479080200195e+00
2.486661911010742188e+00
2.494259357452392578e+00
2.540604114532470703e+00
2.533766031265258789e+00
2.548961162567138672e+00
2.560357570648193359e+00
2.504895687103271484e+00
2.514772653579711914e+00
2.509454250335693359e+00
2.514012813568115234e+00
2.535285949707031250e+00
2.541363954544067383e+00
2.530727386474609375e+00
2.394731998443603516e+00
4.224210083484649658e-01
-1.871264338493347168e+00
