8.363589048385620117e-01
8.364782929420471191e-01
8.364808559417724609e-01
8.364341259002685547e-01
8.364609479904174805e-01
8.364309668540954590e-01
8.365093469619750977e-01
8.365084528923034668e-01
8.364373445510864258e-01
8.364570736885070801e-01
8.363958001136779785e-01
8.364432454109191895e-01
8.365004062652587891e-01
8.364610075950622559e-01
8.364726901054382324e-01
8.365769982337951660e-01
8.363589048385620117e-01
8.364349603652954102e-01
8.364889621734619141e-01
8.364544510841369629e-01
8.364668488502502441e-01
8.363951444625854492e-01
8.364907503128051758e-01
8.364011049270629883e-01
8.364884257316589355e-01
8.365386128425598145e-01
8.364040255546569824e-01
8.364538550376892090e-01
8.363771438598632812e-01
8.365214467048645020e-01
8.365716934204101562e-01
8.364730477333068848e-01
8.364958763122558594e-01
8.363409638404846191e-01
8.363547921180725098e-01
8.364381790161132812e-01
8.363841772079467773e-01
8.364799022674560547e-01
8.363736271858215332e-01
8.364304304122924805e-01
8.363969326019287109e-01
8.364328742027282715e-01
8.364465832710266113e-01
8.364526033401489258e-01
8.363877534866333008e-01
8.363975286483764648e-01
8.363867402076721191e-01
8.364472985267639160e-01
8.368601202964782715e-01
8.364245295524597168e-01
8.364371061325073242e-01
8.363887667655944824e-01
8.364359140396118164e-01
8.365009427070617676e-01
8.363660573959350586e-01
8.364462256431579590e-01
8.363044857978820801e-01
8.362298607826232910e-01
8.364744782447814941e-01
8.364747762680053711e-01
8.363683223724365234e-01
8.363680243492126465e-01
8.364325761795043945e-01
8.365061283111572266e-01
8.364971876144409180e-01
8.364018797874450684e-01
8.364358544349670410e-01
8.363592028617858887e-01
8.364041447639465332e-01
8.364627957344055176e-01
8.364412188529968262e-01
8.364188075065612793e-01
8.363444805145263672e-01
8.363978862762451172e-01
8.364511728286743164e-01
8.363718986511230469e-01
8.364051580429077148e-01
8.363664746284484863e-01
8.364583849906921387e-01
8.363553881645202637e-01
8.363370895385742188e-01
8.364011645317077637e-01
8.363743424415588379e-01
8.364301919937133789e-01
8.363775014877319336e-01
8.363842964172363281e-01
8.363980054855346680e-01
8.363747000694274902e-01
8.364371657371520996e-01
8.363839387893676758e-01
8.363477587699890137e-01
8.363901376724243164e-01
8.363761305809020996e-01
8.363981246948242188e-01
8.363482356071472168e-01
8.364487886428833008e-01
8.364605903625488281e-01
8.363445997238159180e-01
8.363969922065734863e-01
8.364111781120300293e-01
8.364517092704772949e-01
8.363905549049377441e-01
8.364061713218688965e-01
8.364496231079101562e-01
8.363856673240661621e-01
8.363701701164245605e-01
8.364674448966979980e-01
8.364169001579284668e-01
8.364408612251281738e-01
8.364035487174987793e-01
8.364008665084838867e-01
8.364380598068237305e-01
8.363673090934753418e-01
8.364272713661193848e-01
8.364523053169250488e-01
8.364008665084838867e-01
8.364206552505493164e-01
8.364304304122924805e-01
8.365082144737243652e-01
8.364537954330444336e-01
8.363551497459411621e-01
8.364383578300476074e-01
8.363680243492126465e-01
8.363745808601379395e-01
8.364621996879577637e-01
8.363808989524841309e-01
8.364744782447814941e-01
8.363605141639709473e-01
8.363066911697387695e-01
8.364306092262268066e-01
8.363994956016540527e-01
8.364818692207336426e-01
8.363696932792663574e-01
8.363168835639953613e-01
8.363667130470275879e-01
8.364303708076477051e-01
8.365030884742736816e-01
8.364047408103942871e-01
8.364297747611999512e-01
8.364500999450683594e-01
8.364869356155395508e-01
8.364109992980957031e-01
8.364832997322082520e-01
8.364268541336059570e-01
8.363894820213317871e-01
8.364047408103942871e-01
8.364236950874328613e-01
8.364061117172241211e-01
8.364669084548950195e-01
8.364630937576293945e-01
8.364159464836120605e-01
8.363248109817504883e-01
8.363707661628723145e-01
8.364481329917907715e-01
8.365082740783691406e-01
8.364634513854980469e-01
8.364508748054504395e-01
8.364391922950744629e-01
8.364503979682922363e-01
8.364873528480529785e-01
8.363818526268005371e-01
8.364167809486389160e-01
8.364204764366149902e-01
8.364403843879699707e-01
8.364623188972473145e-01
8.364160656929016113e-01
8.363953828811645508e-01
8.364275693893432617e-01
8.364489674568176270e-01
8.364607691764831543e-01
8.363955616950988770e-01
8.364131450653076172e-01
8.364751935005187988e-01
8.364896178245544434e-01
8.364780545234680176e-01
8.364126086235046387e-01
8.364590406417846680e-01
8.363884091377258301e-01
8.364520668983459473e-01
8.364266157150268555e-01
8.364385366439819336e-01
8.364589214324951172e-01
8.364503383636474609e-01
8.365160822868347168e-01
8.366701602935791016e-01
8.364086747169494629e-01
8.364480733871459961e-01
8.364725708961486816e-01
8.364969491958618164e-01
8.364305496215820312e-01
8.363664746284484863e-01
8.364179730415344238e-01
8.364189267158508301e-01
8.364549279212951660e-01
8.363364338874816895e-01
8.364652395248413086e-01
8.364624381065368652e-01
8.363721966743469238e-01
8.363922834396362305e-01
8.364772796630859375e-01
8.363797664642333984e-01
8.363773226737976074e-01
8.363665342330932617e-01
8.368285298347473145e-01
8.364768028259277344e-01
8.365038633346557617e-01
8.363516926765441895e-01
8.363511562347412109e-01
8.364466428756713867e-01
8.364163637161254883e-01
8.368017673492431641e-01
8.363663554191589355e-01
8.363986015319824219e-01
8.364033699035644531e-01
8.364681601524353027e-01
8.365969061851501465e-01
8.363974094390869141e-01
8.363940119743347168e-01
8.363852500915527344e-01
8.364633917808532715e-01
8.365497589111328125e-01
8.363791704177856445e-01
8.363984823226928711e-01
8.363541364669799805e-01
8.364904522895812988e-01
8.364673256874084473e-01
8.364444971084594727e-01
8.363393545150756836e-01
8.363247513771057129e-01
8.364036083221435547e-01
8.364787697792053223e-01
8.364967107772827148e-01
8.364252448081970215e-01
8.363829255104064941e-01
8.364148736000061035e-01
8.364678621292114258e-01
8.363927602767944336e-01
8.364455103874206543e-01
8.364390730857849121e-01
8.364211320877075195e-01
8.363659381866455078e-01
8.364021182060241699e-01
8.363924026489257812e-01
8.364949226379394531e-01
8.363977074623107910e-01
8.364087343215942383e-01
8.363523483276367188e-01
8.363941311836242676e-01
8.364024758338928223e-01
8.364791870117187500e-01
8.364030122756958008e-01
8.363505005836486816e-01
8.363558650016784668e-01
8.363131284713745117e-01
8.364362716674804688e-01
8.363532423973083496e-01
8.363857269287109375e-01
8.364709019660949707e-01
8.363271951675415039e-01
8.363803029060363770e-01
8.363846540451049805e-01
8.364371657371520996e-01
8.365494012832641602e-01
8.364020586013793945e-01
8.364183306694030762e-01
8.364094495773315430e-01
8.364211916923522949e-01
8.364605903625488281e-01
8.364180326461791992e-01
8.364652991294860840e-01
8.364682793617248535e-01
8.363470435142517090e-01
8.363886475563049316e-01
8.364072442054748535e-01
8.364400863647460938e-01
8.364188671112060547e-01
8.363081812858581543e-01
8.364161252975463867e-01
8.364617228507995605e-01
8.364560008049011230e-01
8.364871740341186523e-01
8.364629149436950684e-01
8.363171815872192383e-01
8.363754153251647949e-01
8.364397287368774414e-01
8.364446759223937988e-01
8.365406394004821777e-01
8.363947868347167969e-01
8.364115357398986816e-01
8.364048004150390625e-01
8.364295363426208496e-01
8.364931941032409668e-01
8.363969922065734863e-01
8.364583253860473633e-01
8.363955020904541016e-01
8.363860845565795898e-01
8.364580869674682617e-01
8.364008069038391113e-01
8.366413116455078125e-01
8.364143371582031250e-01
8.363643288612365723e-01
8.364349603652954102e-01
8.364785313606262207e-01
8.364030718803405762e-01
8.364128470420837402e-01
8.363976478576660156e-01
8.364265561103820801e-01
8.365154862403869629e-01
8.364925384521484375e-01
8.364396095275878906e-01
8.364480137825012207e-01
8.364998102188110352e-01
8.364337086677551270e-01
8.364679813385009766e-01
8.364204168319702148e-01
8.364592194557189941e-01
8.363967537879943848e-01
8.364882469177246094e-01
8.364309668540954590e-01
8.364112973213195801e-01
8.364554047584533691e-01
8.364329338073730469e-01
8.364742994308471680e-01
8.365421891212463379e-01
8.363092541694641113e-01
8.364424109458923340e-01
8.365566134452819824e-01
8.364737629890441895e-01
8.365245461463928223e-01
8.363770842552185059e-01
8.363965749740600586e-01
8.364133238792419434e-01
8.364152908325195312e-01
8.366480469703674316e-01
8.364746570587158203e-01
8.363998532295227051e-01
8.364791870117187500e-01
8.366832137107849121e-01
8.366187810897827148e-01
8.364722728729248047e-01
8.364184498786926270e-01
8.364455699920654297e-01
8.365218639373779297e-01
8.366010189056396484e-01
8.363621234893798828e-01
8.365199565887451172e-01
8.364272117614746094e-01
8.364470601081848145e-01
8.365001082420349121e-01
8.364387750625610352e-01
8.364333510398864746e-01
8.365147709846496582e-01
8.365707397460937500e-01
8.365917205810546875e-01
8.365918397903442383e-01
8.365797400474548340e-01
8.364589810371398926e-01
8.369324207305908203e-01
8.364320993423461914e-01
8.364376425743103027e-01
8.366534113883972168e-01
8.363205194473266602e-01
8.365468978881835938e-01
8.363741040229797363e-01
8.364568948745727539e-01
8.365999460220336914e-01
8.363341093063354492e-01
8.363304138183593750e-01
8.364242315292358398e-01
8.372046947479248047e-01
8.366191983222961426e-01
8.363828659057617188e-01
8.363953828811645508e-01
8.363710641860961914e-01
8.364565968513488770e-01
8.364387750625610352e-01
8.363988399505615234e-01
8.364395499229431152e-01
8.364430069923400879e-01
8.365155458450317383e-01
8.364739418029785156e-01
8.365201354026794434e-01
8.365502357482910156e-01
8.364194631576538086e-01
8.363819122314453125e-01
8.364822268486022949e-01
8.366041183471679688e-01
8.365118503570556641e-01
8.364220857620239258e-01
8.363918066024780273e-01
8.368617892265319824e-01
8.364877104759216309e-01
8.365309834480285645e-01
8.365478515625000000e-01
8.364257216453552246e-01
8.364326953887939453e-01
8.364980220794677734e-01
8.364203572273254395e-01
8.365199565887451172e-01
8.364119529724121094e-01
8.364224433898925781e-01
8.363826274871826172e-01
8.364149928092956543e-01
8.365315794944763184e-01
8.364318609237670898e-01
8.363727331161499023e-01
8.363260626792907715e-01
8.364344239234924316e-01
8.364135026931762695e-01
8.363436460494995117e-01
8.364802598953247070e-01
8.364378809928894043e-01
8.364149928092956543e-01
8.364104628562927246e-01
8.363854885101318359e-01
8.364858627319335938e-01
8.364437818527221680e-01
8.366495966911315918e-01
8.363283872604370117e-01
8.363629579544067383e-01
8.364912271499633789e-01
8.364524841308593750e-01
8.363711833953857422e-01
8.364113569259643555e-01
8.362984061241149902e-01
8.364328742027282715e-01
8.366703987121582031e-01
8.364488482475280762e-01
8.363872170448303223e-01
8.363276124000549316e-01
8.367421030998229980e-01
8.367146849632263184e-01
8.364642262458801270e-01
8.364790081977844238e-01
8.364354968070983887e-01
8.364890217781066895e-01
8.364777565002441406e-01
8.365114331245422363e-01
8.364759683609008789e-01
8.363937735557556152e-01
8.364181518554687500e-01
8.364450335502624512e-01
8.364673256874084473e-01
8.364384770393371582e-01
8.364209532737731934e-01
8.364428877830505371e-01
8.364591598510742188e-01
8.364664912223815918e-01
8.363913297653198242e-01
8.364147543907165527e-01
8.365063071250915527e-01
8.365051746368408203e-01
8.364183902740478516e-01
8.365684151649475098e-01
8.364436030387878418e-01
8.363902568817138672e-01
8.365356922149658203e-01
8.363572955131530762e-01
8.365150690078735352e-01
8.365508317947387695e-01
8.362937569618225098e-01
8.364397883415222168e-01
8.363949060440063477e-01
8.364174962043762207e-01
8.364378213882446289e-01
8.364112377166748047e-01
8.363554477691650391e-01
8.363946676254272461e-01
8.363428711891174316e-01
8.364340066909790039e-01
8.365291953086853027e-01
8.363972306251525879e-01
8.364318013191223145e-01
8.364409804344177246e-01
8.364192843437194824e-01
8.367806673049926758e-01
8.364433050155639648e-01
8.364495038986206055e-01
8.363453745841979980e-01
8.364343643188476562e-01
8.365961909294128418e-01
8.364061713218688965e-01
8.364225029945373535e-01
8.362464308738708496e-01
8.364838957786560059e-01
8.365575671195983887e-01
8.364161252975463867e-01
8.364270925521850586e-01
8.363453745841979980e-01
8.363931775093078613e-01
8.365131616592407227e-01
8.364567756652832031e-01
8.364778161048889160e-01
8.364044427871704102e-01
8.366294503211975098e-01
8.364647626876831055e-01
8.364948034286499023e-01
8.368250131607055664e-01
8.363766074180603027e-01
8.364421129226684570e-01
8.364040255546569824e-01
8.364860415458679199e-01
8.365264534950256348e-01
8.363622426986694336e-01
8.368319869041442871e-01
8.364070057868957520e-01
8.364313840866088867e-01
8.364765048027038574e-01
8.365068435668945312e-01
8.365876674652099609e-01
8.364140987396240234e-01
8.364482522010803223e-01
8.368318676948547363e-01
8.363735079765319824e-01
8.365980386734008789e-01
8.364760279655456543e-01
8.365763425827026367e-01
8.363189697265625000e-01
8.362646698951721191e-01
8.364968895912170410e-01
8.364984989166259766e-01
8.365246653556823730e-01
8.363220691680908203e-01
8.363432288169860840e-01
8.363922238349914551e-01
8.365331292152404785e-01
8.364887833595275879e-01
8.364011049270629883e-01
8.365461826324462891e-01
8.363475799560546875e-01
8.365229368209838867e-01
8.364918231964111328e-01
8.363916277885437012e-01
8.367957472801208496e-01
8.362724781036376953e-01
8.364567160606384277e-01
8.365693092346191406e-01
8.364419937133789062e-01
8.367807269096374512e-01
8.363130092620849609e-01
8.367610573768615723e-01
8.364595174789428711e-01
8.363935351371765137e-01
8.365630507469177246e-01
8.363124132156372070e-01
8.363575935363769531e-01
8.364358544349670410e-01
8.364114761352539062e-01
8.365514874458312988e-01
8.364285230636596680e-01
8.363218307495117188e-01
8.364961147308349609e-01
8.364179134368896484e-01
8.365395069122314453e-01
8.364034295082092285e-01
8.363602161407470703e-01
8.366522192955017090e-01
8.363885283470153809e-01
8.367955088615417480e-01
8.363653421401977539e-01
8.365441560745239258e-01
8.364945054054260254e-01
8.364182710647583008e-01
8.365758657455444336e-01
8.362833261489868164e-01
8.364059329032897949e-01
8.365135192871093750e-01
8.364643454551696777e-01
8.364565372467041016e-01
8.363724350929260254e-01
8.364654779434204102e-01
8.365672826766967773e-01
8.365169167518615723e-01
8.363649845123291016e-01
8.363838791847229004e-01
8.363929390907287598e-01
8.365794420242309570e-01
8.364644050598144531e-01
8.363873958587646484e-01
8.362280130386352539e-01
8.362721204757690430e-01
8.365746736526489258e-01
8.364416360855102539e-01
8.365311026573181152e-01
8.364061713218688965e-01
8.363428711891174316e-01
8.363662958145141602e-01
8.364250063896179199e-01
8.365570306777954102e-01
8.363949656486511230e-01
8.364133238792419434e-01
8.364064097404479980e-01
8.363925218582153320e-01
8.364512324333190918e-01
8.364021778106689453e-01
8.364674448966979980e-01
8.362233042716979980e-01
8.362874388694763184e-01
8.364212512969970703e-01
8.364837765693664551e-01
8.365066051483154297e-01
8.363850712776184082e-01
8.362189531326293945e-01
8.364113569259643555e-01
8.365345001220703125e-01
8.364732265472412109e-01
8.365517854690551758e-01
8.362430930137634277e-01
8.362597823143005371e-01
8.364798426628112793e-01
8.364340066909790039e-01
8.367673158645629883e-01
8.363120555877685547e-01
8.363693952560424805e-01
8.364170193672180176e-01
8.364052772521972656e-01
8.364734649658203125e-01
8.363189697265625000e-01
8.364052176475524902e-01
8.364896178245544434e-01
8.363879919052124023e-01
8.365677595138549805e-01
8.364267945289611816e-01
8.364475965499877930e-01
8.364659547805786133e-01
8.363260030746459961e-01
8.364536762237548828e-01
8.364958763122558594e-01
8.363708853721618652e-01
8.366034030914306641e-01
8.363190889358520508e-01
8.365045785903930664e-01
8.364789485931396484e-01
8.364346623420715332e-01
8.363847732543945312e-01
8.363549113273620605e-01
8.364350199699401855e-01
8.367071747779846191e-01
8.364594578742980957e-01
8.363646268844604492e-01
8.363026380538940430e-01
8.363831043243408203e-01
8.363988399505615234e-01
8.364257812500000000e-01
8.363389372825622559e-01
8.362981081008911133e-01
8.364537358283996582e-01
8.364896774291992188e-01
8.363917469978332520e-01
8.364033102989196777e-01
8.363470435142517090e-01
8.363859653472900391e-01
8.364368081092834473e-01
8.364270925521850586e-01
8.364141583442687988e-01
8.367537260055541992e-01
8.363612890243530273e-01
8.364521265029907227e-01
8.363330960273742676e-01
8.364140987396240234e-01
8.363494277000427246e-01
8.363941311836242676e-01
8.366299271583557129e-01
8.363965153694152832e-01
8.364700078964233398e-01
8.364074826240539551e-01
8.364367485046386719e-01
8.366299271583557129e-01
8.363960981369018555e-01
8.364632129669189453e-01
8.364241123199462891e-01
8.364490270614624023e-01
8.364425897598266602e-01
8.363686203956604004e-01
8.364123702049255371e-01
8.364865779876708984e-01
8.364353775978088379e-01
8.364073634147644043e-01
8.363628983497619629e-01
8.364536166191101074e-01
8.364872336387634277e-01
8.364361524581909180e-01
8.364733457565307617e-01
8.364675045013427734e-01
8.367398977279663086e-01
8.363943099975585938e-01
8.364908695220947266e-01
8.366866111755371094e-01
8.363105058670043945e-01
8.364286422729492188e-01
8.364550471305847168e-01
8.364679813385009766e-01
8.363761901855468750e-01
8.363973498344421387e-01
8.364289402961730957e-01
8.363640904426574707e-01
8.364491462707519531e-01
8.364810347557067871e-01
8.364306688308715820e-01
8.364084959030151367e-01
8.364480137825012207e-01
8.365526199340820312e-01
8.364509344100952148e-01
8.363393545150756836e-01
8.364719748497009277e-01
8.364396691322326660e-01
8.365094661712646484e-01
8.365254402160644531e-01
8.363690376281738281e-01
8.364102840423583984e-01
8.364285826683044434e-01
8.364646434783935547e-01
8.364536762237548828e-01
8.365021347999572754e-01
8.364269137382507324e-01
8.363879323005676270e-01
8.363866209983825684e-01
8.364824652671813965e-01
8.364925384521484375e-01
8.364363312721252441e-01
8.363546133041381836e-01
8.364979624748229980e-01
8.364668488502502441e-01
8.364573717117309570e-01
8.367299437522888184e-01
8.364380598068237305e-01
8.364545702934265137e-01
8.363256454467773438e-01
8.368130326271057129e-01
8.364287614822387695e-01
8.364403843879699707e-01
8.364632129669189453e-01
8.364232182502746582e-01
8.364977240562438965e-01
8.366765379905700684e-01
8.363319635391235352e-01
8.364705443382263184e-01
8.364879488945007324e-01
8.364703655242919922e-01
8.364033699035644531e-01
8.363944292068481445e-01
8.365005850791931152e-01
8.363859653472900391e-01
8.364578485488891602e-01
8.364022374153137207e-01
8.364827632904052734e-01
8.365021347999572754e-01
8.363901376724243164e-01
8.364526629447937012e-01
8.363322019577026367e-01
8.364800214767456055e-01
8.364344239234924316e-01
8.364403247833251953e-01
8.364060521125793457e-01
8.363594412803649902e-01
8.365373611450195312e-01
8.364236950874328613e-01
8.364112377166748047e-01
8.366330862045288086e-01
8.364817500114440918e-01
8.364057540893554688e-01
8.363541364669799805e-01
8.364281058311462402e-01
8.365849256515502930e-01
8.364210128784179688e-01
8.363627195358276367e-01
8.363959193229675293e-01
8.365125060081481934e-01
8.364202976226806641e-01
8.363358974456787109e-01
8.365315198898315430e-01
8.364906907081604004e-01
8.363118767738342285e-01
8.364081382751464844e-01
8.364307284355163574e-01
8.365112543106079102e-01
8.366909623146057129e-01
8.364425301551818848e-01
8.364861607551574707e-01
8.363075256347656250e-01
8.363732099533081055e-01
8.364891409873962402e-01
8.365019559860229492e-01
8.364308476448059082e-01
8.362580537796020508e-01
8.363393545150756836e-01
8.365120291709899902e-01
8.364259004592895508e-01
8.363763093948364258e-01
8.362988233566284180e-01
8.364123702049255371e-01
8.366062045097351074e-01
8.364067673683166504e-01
8.364658355712890625e-01
8.362653255462646484e-01
8.364107012748718262e-01
8.363785147666931152e-01
8.363723158836364746e-01
8.364536166191101074e-01
8.363577127456665039e-01
8.363808393478393555e-01
8.363647460937500000e-01
8.362980484962463379e-01
8.365573883056640625e-01
8.365034461021423340e-01
8.363174200057983398e-01
8.363770842552185059e-01
8.363594412803649902e-01
8.363839983940124512e-01
8.365297913551330566e-01
8.364117145538330078e-01
8.364015817642211914e-01
8.362639546394348145e-01
8.363255262374877930e-01
8.365294337272644043e-01
8.365235328674316406e-01
8.363912701606750488e-01
8.363354802131652832e-01
8.363412618637084961e-01
8.365007638931274414e-01
8.364669680595397949e-01
8.364127278327941895e-01
8.363720774650573730e-01
8.363268971443176270e-01
8.363770246505737305e-01
8.364290595054626465e-01
8.363941311836242676e-01
8.363938927650451660e-01
8.362509012222290039e-01
8.364401459693908691e-01
8.364096283912658691e-01
8.363407850265502930e-01
8.366675376892089844e-01
8.362388014793395996e-01
8.363438248634338379e-01
8.364103436470031738e-01
8.363664746284484863e-01
8.363670706748962402e-01
8.363068699836730957e-01
8.362498879432678223e-01
8.364778757095336914e-01
8.364061117172241211e-01
8.366670608520507812e-01
8.363307118415832520e-01
8.362966775894165039e-01
8.363553881645202637e-01
8.364952802658081055e-01
8.364638686180114746e-01
8.362356424331665039e-01
8.364349007606506348e-01
8.363196253776550293e-01
8.365023136138916016e-01
8.365334868431091309e-01
8.362773656845092773e-01
8.363871574401855469e-01
8.364408016204833984e-01
8.363921642303466797e-01
8.364927172660827637e-01
8.363830447196960449e-01
8.363428711891174316e-01
8.364386558532714844e-01
8.364408016204833984e-01
8.364861607551574707e-01
8.365578055381774902e-01
8.365291357040405273e-01
8.369002938270568848e-01
8.363844752311706543e-01
8.363528251647949219e-01
8.364178538322448730e-01
8.364526033401489258e-01
8.363561630249023438e-01
8.362882733345031738e-01
8.364572525024414062e-01
8.367774486541748047e-01
8.364663720130920410e-01
8.363484144210815430e-01
8.363047838211059570e-01
8.364009261131286621e-01
8.364401459693908691e-01
8.364754319190979004e-01
8.363658189773559570e-01
8.364003300666809082e-01
8.363457918167114258e-01
8.365264534950256348e-01
8.365088701248168945e-01
8.364540934562683105e-01
8.364225029945373535e-01
8.363392353057861328e-01
8.363683819770812988e-01
8.365802168846130371e-01
8.364471793174743652e-01
8.364233374595642090e-01
8.363862633705139160e-01
8.363863825798034668e-01
8.367936015129089355e-01
8.364338874816894531e-01
8.365145325660705566e-01
8.364394307136535645e-01
8.363972902297973633e-01
8.364648818969726562e-01
8.364000916481018066e-01
8.364724516868591309e-01
8.364012241363525391e-01
8.364072442054748535e-01
8.364546298980712891e-01
8.364052772521972656e-01
8.365042805671691895e-01
8.364689350128173828e-01
8.364939093589782715e-01
8.363869190216064453e-01
8.363597393035888672e-01
8.365552425384521484e-01
8.365285992622375488e-01
8.364219069480895996e-01
8.364853262901306152e-01
8.364560604095458984e-01
8.364335894584655762e-01
8.364094495773315430e-01
8.364413976669311523e-01
8.364787697792053223e-01
8.368856310844421387e-01
8.363980650901794434e-01
8.363248705863952637e-01
8.365492820739746094e-01
8.364962339401245117e-01
8.364269733428955078e-01
8.363476395606994629e-01
8.364339470863342285e-01
8.366314172744750977e-01
8.363487124443054199e-01
8.363335728645324707e-01
8.364269137382507324e-01
8.365442156791687012e-01
8.368301987648010254e-01
8.361955881118774414e-01
8.362573981285095215e-01
8.364592790603637695e-01
8.365806937217712402e-01
8.365398049354553223e-01
8.362839818000793457e-01
8.363476395606994629e-01
8.364589214324951172e-01
8.365253806114196777e-01
8.368191123008728027e-01
8.363454937934875488e-01
8.363304734230041504e-01
8.363367915153503418e-01
8.364288210868835449e-01
8.365789055824279785e-01
8.363936543464660645e-01
8.362530469894409180e-01
8.363775610923767090e-01
8.364750146865844727e-01
8.364911079406738281e-01
8.362863659858703613e-01
8.364126682281494141e-01
8.364501595497131348e-01
8.364322781562805176e-01
8.364392518997192383e-01
8.364077806472778320e-01
8.364981412887573242e-01
8.363177180290222168e-01
8.363639712333679199e-01
8.365007638931274414e-01
8.364661931991577148e-01
8.363447189331054688e-01
8.363988995552062988e-01
8.364283442497253418e-01
8.365150690078735352e-01
8.363834619522094727e-01
8.363170623779296875e-01
8.364711999893188477e-01
8.363803029060363770e-01
8.365197777748107910e-01
8.365302681922912598e-01
8.362916111946105957e-01
8.367683887481689453e-01
8.363834023475646973e-01
8.365651369094848633e-01
8.365824222564697266e-01
8.362509012222290039e-01
8.367531299591064453e-01
8.362931013107299805e-01
8.368353247642517090e-01
8.364744186401367188e-01
8.361802101135253906e-01
8.372414708137512207e-01
8.376957178115844727e-01
8.364129066467285156e-01
8.364373445510864258e-01
8.365254402160644531e-01
8.369143009185791016e-01
8.362791538238525391e-01
8.364161849021911621e-01
8.371406197547912598e-01
8.362306952476501465e-01
8.367171883583068848e-01
8.377977013587951660e-01
8.362348675727844238e-01
8.365173935890197754e-01
8.364433050155639648e-01
8.365433812141418457e-01
8.364766836166381836e-01
8.362697958946228027e-01
8.363397717475891113e-01
8.365703821182250977e-01
8.365477919578552246e-01
8.364992141723632812e-01
8.363751173019409180e-01
8.363213539123535156e-01
8.365182280540466309e-01
8.364849090576171875e-01
8.366200923919677734e-01
8.364073634147644043e-01
8.363543748855590820e-01
8.363121747970581055e-01
8.362725377082824707e-01
8.366711735725402832e-01
8.364624977111816406e-01
8.363760113716125488e-01
8.363510370254516602e-01
8.363584280014038086e-01
8.369035720825195312e-01
8.364559412002563477e-01
8.364668488502502441e-01
8.363899588584899902e-01
8.364878892898559570e-01
8.363858461380004883e-01
8.364072442054748535e-01
8.365479111671447754e-01
8.365069627761840820e-01
8.364355564117431641e-01
8.362889885902404785e-01
8.367097973823547363e-01
8.364871740341186523e-01
8.366190195083618164e-01
8.364515900611877441e-01
8.362718224525451660e-01
8.367339968681335449e-01
8.364310860633850098e-01
8.364329934120178223e-01
8.364839553833007812e-01
8.362578153610229492e-01
8.364523053169250488e-01
8.365020155906677246e-01
8.362775444984436035e-01
8.368477821350097656e-01
8.364507555961608887e-01
8.364316225051879883e-01
8.364001512527465820e-01
8.363319039344787598e-01
8.368192315101623535e-01
8.365219235420227051e-01
8.364176154136657715e-01
8.376165032386779785e-01
8.362462520599365234e-01
8.365460038185119629e-01
8.363674879074096680e-01
8.365765213966369629e-01
8.367668390274047852e-01
8.363839983940124512e-01
8.364796042442321777e-01
8.363065123558044434e-01
8.365213871002197266e-01
8.365753293037414551e-01
8.363092541694641113e-01
8.366423249244689941e-01
8.362808227539062500e-01
8.365587592124938965e-01
8.368830084800720215e-01
8.364133834838867188e-01
8.365448117256164551e-01
8.362780809402465820e-01
8.364339470863342285e-01
8.365253806114196777e-01
8.363784551620483398e-01
8.364573717117309570e-01
8.362396955490112305e-01
8.363538980484008789e-01
8.364475369453430176e-01
8.364192247390747070e-01
8.363901376724243164e-01
8.364160060882568359e-01
8.363574147224426270e-01
8.363668918609619141e-01
8.364379405975341797e-01
8.365522623062133789e-01
8.363112807273864746e-01
8.363552093505859375e-01
8.364058136940002441e-01
8.363992571830749512e-01
8.365719318389892578e-01
8.363769650459289551e-01
8.363503217697143555e-01
8.365154266357421875e-01
8.363971710205078125e-01
8.363906741142272949e-01
8.364836573600769043e-01
8.365015983581542969e-01
8.364159464836120605e-01
8.363641500473022461e-01
8.364996910095214844e-01
8.364897966384887695e-01
8.365344405174255371e-01
8.364416360855102539e-01
8.364909887313842773e-01
8.365166187286376953e-01
8.363602161407470703e-01
8.364194035530090332e-01
8.364486694335937500e-01
8.365094661712646484e-01
8.364962935447692871e-01
8.363460302352905273e-01
8.363590836524963379e-01
8.365077376365661621e-01
8.365583419799804688e-01
8.364709019660949707e-01
8.364033699035644531e-01
8.364677429199218750e-01
8.364321589469909668e-01
8.364832997322082520e-01
8.366116881370544434e-01
8.363562822341918945e-01
8.364419937133789062e-01
8.364439010620117188e-01
8.364723324775695801e-01
8.365492224693298340e-01
8.364710211753845215e-01
8.363440036773681641e-01
8.364150524139404297e-01
8.364606499671936035e-01
8.364538550376892090e-01
8.364615440368652344e-01
8.364758491516113281e-01
8.365654349327087402e-01
8.363941311836242676e-01
8.363708257675170898e-01
8.364421725273132324e-01
8.364892005920410156e-01
8.365294337272644043e-01
8.363996744155883789e-01
8.363537192344665527e-01
8.364990353584289551e-01
8.365362882614135742e-01
8.365009427070617676e-01
8.364175558090209961e-01
8.363793492317199707e-01
8.364855051040649414e-01
8.364545702934265137e-01
8.364422321319580078e-01
8.364611268043518066e-01
8.364152312278747559e-01
8.363570570945739746e-01
8.364369869232177734e-01
8.363721966743469238e-01
8.364528417587280273e-01
8.364140391349792480e-01
8.363424539566040039e-01
8.364962339401245117e-01
8.364077210426330566e-01
8.364155888557434082e-01
8.365161418914794922e-01
8.364042043685913086e-01
8.364873528480529785e-01
8.363622426986694336e-01
8.364374637603759766e-01
8.365452885627746582e-01
8.363823890686035156e-01
8.364800810813903809e-01
8.364387154579162598e-01
8.364610671997070312e-01
8.364667892456054688e-01
8.363947272300720215e-01
8.364729285240173340e-01
8.364332318305969238e-01
8.363299369812011719e-01
8.364809155464172363e-01
8.364278674125671387e-01
8.365061283111572266e-01
8.364749550819396973e-01
8.363734483718872070e-01
8.364503979682922363e-01
8.364353179931640625e-01
8.364935517311096191e-01
8.364695906639099121e-01
8.363682627677917480e-01
8.363709449768066406e-01
8.363839983940124512e-01
8.364554047584533691e-01
8.365346789360046387e-01
8.363678455352783203e-01
8.364011049270629883e-01
8.364316225051879883e-01
8.364519476890563965e-01
8.365448713302612305e-01
8.363358378410339355e-01
8.365089893341064453e-01
8.363064527511596680e-01
8.363872170448303223e-01
