1.312481641769409180e+00
1.312481641769409180e+00
1.312481641769409180e+00
1.312481641769409180e+00
1.312481641769409180e+00
1.312481641769409180e+00
1.312481641769409180e+00
1.312481641769409180e+00
1.312481641769409180e+00
1.312481641769409180e+00
1.312481641769409180e+00
1.312481641769409180e+00
1.312481641769409180e+00
1.312481641769409180e+00
1.312481641769409180e+00
1.312481641769409180e+00
1.312481641769409180e+00
1.312481641769409180e+00
1.312481641769409180e+00
1.312481641769409180e+00
1.312481641769409180e+00
1.312481641769409180e+00
1.312481641769409180e+00
1.312481641769409180e+00
1.312481641769409180e+00
1.312481641769409180e+00
1.312481641769409180e+00
1.312481641769409180e+00
1.312481641769409180e+00
1.312481641769409180e+00
1.312481641769409180e+00
1.312481641769409180e+00
1.312481641769409180e+00
1.312481641769409180e+00
1.312481641769409180e+00
1.312481641769409180e+00
1.312481641769409180e+00
1.312481641769409180e+00
1.312481641769409180e+00
1.312481641769409180e+00
1.312481641769409180e+00
1.312481641769409180e+00
1.312481641769409180e+00
1.312481641769409180e+00
1.312481641769409180e+00
1.312481641769409180e+00
1.312481641769409180e+00
1.312481641769409180e+00
1.312481641769409180e+00
1.312481641769409180e+00
1.312481641769409180e+00
1.312481641769409180e+00
1.312481641769409180e+00
1.312481641769409180e+00
1.312481641769409180e+00
1.312481641769409180e+00
1.312481641769409180e+00
1.312481641769409180e+00
1.312481641769409180e+00
1.312481641769409180e+00
1.312481641769409180e+00
1.312481641769409180e+00
1.312481641769409180e+00
1.312481641769409180e+00
1.312481641769409180e+00
1.312481641769409180e+00
1.312481641769409180e+00
1.312481641769409180e+00
1.312481641769409180e+00
1.312481641769409180e+00
1.312481641769409180e+00
1.312481641769409180e+00
1.312481641769409180e+00
1.312481641769409180e+00
1.312481641769409180e+00
1.312481641769409180e+00
1.312481641769409180e+00
1.312481641769409180e+00
1.312481641769409180e+00
1.312481641769409180e+00
1.312481641769409180e+00
1.312481641769409180e+00
1.312481641769409180e+00
1.312481641769409180e+00
1.312481641769409180e+00
1.312481641769409180e+00
1.312481641769409180e+00
1.312481641769409180e+00
1.312481641769409180e+00
1.312481641769409180e+00
1.312481641769409180e+00
1.312481641769409180e+00
1.312481641769409180e+00
1.312481641769409180e+00
1.312481641769409180e+00
1.312481641769409180e+00
1.312481641769409180e+00
1.312481641769409180e+00
1.312481641769409180e+00
1.312481641769409180e+00
1.312481641769409180e+00
1.312481641769409180e+00
1.312481641769409180e+00
1.312481641769409180e+00
1.312481641769409180e+00
1.312481641769409180e+00
1.312481641769409180e+00
1.312481641769409180e+00
1.312481641769409180e+00
1.312481641769409180e+00
1.312481641769409180e+00
1.312481641769409180e+00
1.312481641769409180e+00
1.312481641769409180e+00
1.312481641769409180e+00
1.312481641769409180e+00
1.312481641769409180e+00
1.312481641769409180e+00
1.312481641769409180e+00
1.312481641769409180e+00
1.312481641769409180e+00
1.312481641769409180e+00
1.312481641769409180e+00
1.312481641769409180e+00
1.312481641769409180e+00
1.312481641769409180e+00
1.312481641769409180e+00
1.312481641769409180e+00
1.312481641769409180e+00
1.312481641769409180e+00
1.312481641769409180e+00
1.312481641769409180e+00
1.312481641769409180e+00
1.312481641769409180e+00
1.312481641769409180e+00
1.312481641769409180e+00
1.312481641769409180e+00
1.312481641769409180e+00
1.312481641769409180e+00
1.312481641769409180e+00
1.312481641769409180e+00
1.312481641769409180e+00
1.312481641769409180e+00
1.312481641769409180e+00
1.312481641769409180e+00
1.312481641769409180e+00
1.312481641769409180e+00
1.312481641769409180e+00
1.312481641769409180e+00
1.312481641769409180e+00
1.312481641769409180e+00
1.312481641769409180e+00
1.312481641769409180e+00
1.312481641769409180e+00
1.312481641769409180e+00
1.312481641769409180e+00
1.312481641769409180e+00
1.312481641769409180e+00
1.312481641769409180e+00
1.312481641769409180e+00
1.312481641769409180e+00
1.312481641769409180e+00
1.312481641769409180e+00
1.312481641769409180e+00
1.312481641769409180e+00
1.312481641769409180e+00
1.312481641769409180e+00
1.312481641769409180e+00
1.312481641769409180e+00
1.312481641769409180e+00
1.312481641769409180e+00
1.312481641769409180e+00
1.312481641769409180e+00
1.312481641769409180e+00
1.312481641769409180e+00
1.312481641769409180e+00
1.312481641769409180e+00
1.312481641769409180e+00
1.312481641769409180e+00
1.312481641769409180e+00
1.312481641769409180e+00
1.312481641769409180e+00
1.312481641769409180e+00
1.312481641769409180e+00
1.312481641769409180e+00
1.312481641769409180e+00
1.312481641769409180e+00
1.312481641769409180e+00
1.312481641769409180e+00
1.312481641769409180e+00
1.312481641769409180e+00
1.312481641769409180e+00
1.312481641769409180e+00
1.312481641769409180e+00
1.312481641769409180e+00
1.312481641769409180e+00
1.312481641769409180e+00
1.312481641769409180e+00
1.312481641769409180e+00
1.312481641769409180e+00
1.312481641769409180e+00
1.312481641769409180e+00
1.312481641769409180e+00
1.312481641769409180e+00
1.312481641769409180e+00
1.312481641769409180e+00
1.312481641769409180e+00
1.312481641769409180e+00
1.312481641769409180e+00
1.312481641769409180e+00
1.312481641769409180e+00
1.312481641769409180e+00
1.312481641769409180e+00
1.312481641769409180e+00
1.312481641769409180e+00
1.312481641769409180e+00
1.312481641769409180e+00
1.312481641769409180e+00
1.312481641769409180e+00
1.312481641769409180e+00
1.312481641769409180e+00
1.312481641769409180e+00
1.312481641769409180e+00
1.312481641769409180e+00
1.312481641769409180e+00
1.312481641769409180e+00
1.312481641769409180e+00
1.312481641769409180e+00
1.312481641769409180e+00
1.259950757026672363e+00
1.227214694023132324e+00
1.220469474792480469e+00
1.214815258979797363e+00
1.208698511123657227e+00
1.202222704887390137e+00
1.190273523330688477e+00
1.184792280197143555e+00
1.175938010215759277e+00
1.169581890106201172e+00
1.164531230926513672e+00
1.156077504158020020e+00
1.151520371437072754e+00
1.142931461334228516e+00
1.135464191436767578e+00
1.127351403236389160e+00
1.120513319969177246e+00
1.111319184303283691e+00
1.104372501373291016e+00
1.095659494400024414e+00
1.089900970458984375e+00
1.082911491394042969e+00
1.070834994316101074e+00
1.061088442802429199e+00
1.056288480758666992e+00
1.046450138092041016e+00
1.036292672157287598e+00
1.025285005569458008e+00
1.018223285675048828e+00
1.008754491806030273e+00
1.002170085906982422e+00
9.902514815330505371e-01
9.843806624412536621e-01
9.732355475425720215e-01
9.631779789924621582e-01
9.518827795982360840e-01
9.426188468933105469e-01
9.330590963363647461e-01
9.231160283088684082e-01
9.212922453880310059e-01
9.095792770385742188e-01
8.986254930496215820e-01
8.901075124740600586e-01
8.770926594734191895e-01
8.642418384552001953e-01
8.527779579162597656e-01
8.392099142074584961e-01
8.281013369560241699e-01
8.203843235969543457e-01
8.095264434814453125e-01
7.984595298767089844e-01
7.858012914657592773e-01
7.728482484817504883e-01
7.593802809715270996e-01
7.459881305694580078e-01
7.333257198333740234e-01
7.193326354026794434e-01
7.085276246070861816e-01
6.976116895675659180e-01
6.858257055282592773e-01
6.727613210678100586e-01
6.584218740463256836e-01
6.448646187782287598e-01
6.311036348342895508e-01
6.141165494918823242e-01
6.013688445091247559e-01
5.888404250144958496e-01
5.778332352638244629e-01
5.631989240646362305e-01
5.485645532608032227e-01
5.359224677085876465e-01
