-1.320521259307861328e+01
-1.320521259307861328e+01
-1.320521259307861328e+01
-1.320521259307861328e+01
-1.320521259307861328e+01
-1.320521259307861328e+01
-1.320521259307861328e+01
-1.320521259307861328e+01
-1.320521259307861328e+01
-1.320521259307861328e+01
-1.320521259307861328e+01
-1.320521259307861328e+01
-1.320521259307861328e+01
-1.320521259307861328e+01
-1.320521259307861328e+01
-1.320521259307861328e+01
-1.320521259307861328e+01
-1.320521259307861328e+01
-1.320521259307861328e+01
-1.320521259307861328e+01
-1.320521259307861328e+01
-1.320521259307861328e+01
-1.320521259307861328e+01
-1.320521259307861328e+01
-1.320521259307861328e+01
-1.320521259307861328e+01
-1.320521259307861328e+01
-1.320521259307861328e+01
-1.320521259307861328e+01
-1.320521259307861328e+01
-1.320521259307861328e+01
-1.320521259307861328e+01
-1.320521259307861328e+01
-1.320521259307861328e+01
-1.320521259307861328e+01
-1.320521259307861328e+01
-1.320521259307861328e+01
-1.320521259307861328e+01
-1.320521259307861328e+01
-1.320521259307861328e+01
-1.320521259307861328e+01
-1.320521259307861328e+01
-1.320521259307861328e+01
-1.320521259307861328e+01
-1.320521259307861328e+01
-1.320521259307861328e+01
-1.320521259307861328e+01
-1.320521259307861328e+01
-1.320521259307861328e+01
-1.320521259307861328e+01
-1.320521259307861328e+01
-1.320521259307861328e+01
-1.320521259307861328e+01
-1.320521259307861328e+01
-1.320521259307861328e+01
-1.320521259307861328e+01
-1.320521259307861328e+01
-1.320521259307861328e+01
-1.320521259307861328e+01
-1.320521259307861328e+01
-1.320521259307861328e+01
-1.320521259307861328e+01
-1.320521259307861328e+01
-1.320521259307861328e+01
-1.320521259307861328e+01
-1.320521259307861328e+01
-1.320521259307861328e+01
-1.320521259307861328e+01
-1.342961978912353516e+01
-1.329813671112060547e+01
-1.326383590698242188e+01
-1.326383590698242188e+01
-1.326383590698242188e+01
-1.326383590698242188e+01
-1.326383590698242188e+01
-1.245058155059814453e+01
-1.231790637969970703e+01
-1.217748737335205078e+01
-1.203957462310791016e+01
-1.189811420440673828e+01
-1.176638603210449219e+01
-1.163450717926025391e+01
-1.150292015075683594e+01
-1.134684562683105469e+01
-1.119596004486083984e+01
-1.107980251312255859e+01
-1.095566368103027344e+01
-1.083642387390136719e+01
-1.069722652435302734e+01
-1.056517410278320312e+01
-1.043599700927734375e+01
-1.029594802856445312e+01
-1.017408657073974609e+01
-1.003384590148925781e+01
-9.904439926147460938e+00
-9.767777442932128906e+00
-9.638333320617675781e+00
-9.503557205200195312e+00
-9.368177413940429688e+00
-9.242851257324218750e+00
-9.104722023010253906e+00
-8.976707458496093750e+00
-8.850848197937011719e+00
-8.727253913879394531e+00
-8.633989334106445312e+00
-8.633989334106445312e+00
-8.764228820800781250e+00
-8.810636520385742188e+00
-8.900897979736328125e+00
-8.981215476989746094e+00
-9.037034988403320312e+00
-9.111579895019531250e+00
-9.171769142150878906e+00
-9.239235877990722656e+00
-9.282876014709472656e+00
-9.318251609802246094e+00
-9.320057868957519531e+00
-9.291553497314453125e+00
-9.160390853881835938e+00
-9.143739700317382812e+00
