3.738255500793457031e+00
3.738255500793457031e+00
3.738255500793457031e+00
3.738255500793457031e+00
3.738255500793457031e+00
3.738255500793457031e+00
3.738255500793457031e+00
3.738255500793457031e+00
3.738255500793457031e+00
3.738255500793457031e+00
3.738255500793457031e+00
3.738255500793457031e+00
3.738255500793457031e+00
3.738255500793457031e+00
3.738255500793457031e+00
3.738255500793457031e+00
3.738255500793457031e+00
3.738255500793457031e+00
3.738255500793457031e+00
3.738255500793457031e+00
3.738255500793457031e+00
3.738255500793457031e+00
6.835656166076660156e+00
6.654113769531250000e+00
6.482172489166259766e+00
6.292647838592529297e+00
6.110436916351318359e+00
5.925759792327880859e+00
5.732784748077392578e+00
5.526070594787597656e+00
5.328833580017089844e+00
5.100912094116210938e+00
4.895874023437500000e+00
4.673643589019775391e+00
4.471403598785400391e+00
4.266695499420166016e+00
4.036997795104980469e+00
3.823599576950073242e+00
3.610486745834350586e+00
3.377654075622558594e+00
3.163354873657226562e+00
2.944021701812744141e+00
2.725394487380981445e+00
2.512506961822509766e+00
2.255189895629882812e+00
2.037881612777709961e+00
1.822748780250549316e+00
1.595914244651794434e+00
1.375851988792419434e+00
1.137219548225402832e+00
9.188653230667114258e-01
7.051319479942321777e-01
4.812926650047302246e-01
2.560713291168212891e-01
1.568251289427280426e-02
-1.841157078742980957e-01
-4.184148013591766357e-01
-6.336541771888732910e-01
-8.640812635421752930e-01
-1.076353788375854492e+00
-1.292385339736938477e+00
-1.527799010276794434e+00
-1.743207931518554688e+00
-1.964297056198120117e+00
-2.147718906402587891e+00
-2.147718906402587891e+00
-2.147718906402587891e+00
-2.147718906402587891e+00
-2.147718906402587891e+00
-2.147718906402587891e+00
-2.147718906402587891e+00
-2.147718906402587891e+00
-2.147718906402587891e+00
-2.147718906402587891e+00
-2.147718906402587891e+00
-2.147718906402587891e+00
-2.147718906402587891e+00
-2.147718906402587891e+00
-2.147718906402587891e+00
-2.147718906402587891e+00
-2.147718906402587891e+00
-2.147718906402587891e+00
-2.147718906402587891e+00
-2.147718906402587891e+00
-2.147718906402587891e+00
-2.147718906402587891e+00
-2.147718906402587891e+00
-2.147718906402587891e+00
-2.147718906402587891e+00
-2.147718906402587891e+00
-2.147718906402587891e+00
-2.147718906402587891e+00
-2.147718906402587891e+00
-2.147718906402587891e+00
-2.147718906402587891e+00
-2.147718906402587891e+00
-2.147718906402587891e+00
-2.147718906402587891e+00
-2.147718906402587891e+00
-2.147718906402587891e+00
-2.147718906402587891e+00
