6.379123687744140625e+00
6.379123687744140625e+00
6.379123687744140625e+00
6.379123687744140625e+00
7.676853179931640625e+00
7.672401905059814453e+00
7.651240348815917969e+00
7.621835708618164062e+00
7.598141193389892578e+00
7.565655231475830078e+00
7.522769451141357422e+00
7.482308387756347656e+00
7.439281940460205078e+00
7.390303134918212891e+00
7.334026336669921875e+00
7.272452831268310547e+00
7.210805892944335938e+00
7.145922183990478516e+00
7.085249900817871094e+00
7.009991168975830078e+00
6.931732654571533203e+00
6.855374336242675781e+00
6.778048038482666016e+00
6.702223300933837891e+00
6.624094486236572266e+00
6.531285762786865234e+00
6.526984691619873047e+00
6.435518741607666016e+00
6.350481033325195312e+00
6.264239788055419922e+00
6.166887760162353516e+00
6.071028232574462891e+00
5.984935760498046875e+00
5.889902114868164062e+00
5.798024654388427734e+00
5.709062576293945312e+00
5.619379043579101562e+00
5.523108959197998047e+00
5.433322906494140625e+00
5.333083629608154297e+00
5.235174179077148438e+00
5.145403861999511719e+00
5.057788372039794922e+00
4.964522838592529297e+00
4.868169784545898438e+00
4.776161193847656250e+00
4.684752464294433594e+00
4.585864543914794922e+00
4.500729084014892578e+00
4.408963203430175781e+00
4.305170059204101562e+00
4.217210292816162109e+00
4.127161979675292969e+00
4.028249263763427734e+00
3.937273025512695312e+00
3.847240447998046875e+00
3.744536876678466797e+00
3.650170564651489258e+00
3.558748722076416016e+00
3.459274530410766602e+00
3.367569684982299805e+00
3.267826318740844727e+00
3.175832271575927734e+00
3.086287736892700195e+00
2.985851287841796875e+00
2.893270969390869141e+00
2.794247388839721680e+00
2.703720808029174805e+00
2.611227750778198242e+00
2.515856981277465820e+00
2.420548439025878906e+00
2.331311702728271484e+00
2.241350889205932617e+00
2.141685485839843750e+00
2.050034046173095703e+00
1.949604392051696777e+00
1.856387972831726074e+00
1.766359090805053711e+00
1.667310714721679688e+00
1.575813055038452148e+00
1.472838878631591797e+00
1.380374073982238770e+00
1.282367348670959473e+00
1.190405130386352539e+00
1.095504999160766602e+00
1.006458640098571777e+00
9.001063108444213867e-01
8.004736900329589844e-01
7.114048600196838379e-01
6.199227571487426758e-01
5.221176147460937500e-01
4.359258115291595459e-01
3.355730175971984863e-01
2.443056851625442505e-01
1.546360999345779419e-01
6.964780390262603760e-02
-2.526813559234142303e-02
-1.107016131281852722e-01
-2.001923918724060059e-01
-2.950854003429412842e-01
-3.954510688781738281e-01
-4.831617772579193115e-01
-5.726795792579650879e-01
-6.698374748229980469e-01
-7.600794434547424316e-01
-8.451482653617858887e-01
-9.413711428642272949e-01
-1.027386069297790527e+00
-1.122646570205688477e+00
-1.213089466094970703e+00
-1.306744098663330078e+00
-1.404274463653564453e+00
-1.476814389228820801e+00
-1.570627689361572266e+00
-1.670704483985900879e+00
-1.765431046485900879e+00
-1.852183341979980469e+00
-1.947518825531005859e+00
-2.032959938049316406e+00
-2.117817640304565430e+00
-2.211448907852172852e+00
-2.298399686813354492e+00
-2.385653972625732422e+00
-2.479755401611328125e+00
-2.569071531295776367e+00
-2.663404226303100586e+00
-2.750643968582153320e+00
-2.837821245193481445e+00
-2.931508541107177734e+00
-3.016738176345825195e+00
-3.109364032745361328e+00
-3.194292783737182617e+00
-3.276502370834350586e+00
-3.372103929519653320e+00
-3.458187580108642578e+00
-3.551336050033569336e+00
-3.638666629791259766e+00
-3.724571943283081055e+00
-3.808985948562622070e+00
-3.897499084472656250e+00
-3.983448266983032227e+00
-4.092071056365966797e+00
-4.159073829650878906e+00
-4.248652935028076172e+00
-4.345206260681152344e+00
-4.425032138824462891e+00
-4.452897071838378906e+00
-4.452897071838378906e+00
-4.452897071838378906e+00
-4.452897071838378906e+00
-4.452897071838378906e+00
-4.452897071838378906e+00
-4.452897071838378906e+00
-4.452897071838378906e+00
-5.136452198028564453e+00
-5.136452198028564453e+00
-5.136452198028564453e+00
-5.136452198028564453e+00
-5.136452198028564453e+00
-5.136452198028564453e+00
-5.136452198028564453e+00
-5.136452198028564453e+00
-5.136452198028564453e+00
-5.136452198028564453e+00
-5.136452198028564453e+00
-5.136452198028564453e+00
-5.136452198028564453e+00
-5.136452198028564453e+00
-5.136452198028564453e+00
-5.136452198028564453e+00
-5.136452198028564453e+00
-5.136452198028564453e+00
-5.136452198028564453e+00
-5.136452198028564453e+00
-5.136452198028564453e+00
-5.136452198028564453e+00
-5.136452198028564453e+00
-5.136452198028564453e+00
-5.136452198028564453e+00
-5.136452198028564453e+00
-7.248109340667724609e+00
-7.543386459350585938e+00
-7.543386459350585938e+00
-7.543386459350585938e+00
-7.543386459350585938e+00
-7.543386459350585938e+00
-7.543386459350585938e+00
-7.543386459350585938e+00
-7.543386459350585938e+00
-7.543386459350585938e+00
-7.543386459350585938e+00
-7.543386459350585938e+00
-7.543386459350585938e+00
-7.543386459350585938e+00
-7.543386459350585938e+00
