2.187210172414779663e-01
2.210813611745834351e-01
2.236059010028839111e-01
2.249530404806137085e-01
2.262269407510757446e-01
2.266267985105514526e-01
2.266515642404556274e-01
2.267743796110153198e-01
2.266511917114257812e-01
2.268006503582000732e-01
2.266050130128860474e-01
2.262783199548721313e-01
2.260508984327316284e-01
2.256660610437393188e-01
2.255427986383438110e-01
2.254189848899841309e-01
2.251036465167999268e-01
2.249484062194824219e-01
2.248513698577880859e-01
2.246105372905731201e-01
2.244309484958648682e-01
2.241947203874588013e-01
2.242243140935897827e-01
2.240517437458038330e-01
2.238831669092178345e-01
2.239614874124526978e-01
2.240605652332305908e-01
2.239169627428054810e-01
2.239066511392593384e-01
2.240091860294342041e-01
2.241426557302474976e-01
2.244954556226730347e-01
2.244739234447479248e-01
2.247145026922225952e-01
2.251047939062118530e-01
2.255684286355972290e-01
2.256986945867538452e-01
2.260491847991943359e-01
2.265087515115737915e-01
2.267615944147109985e-01
2.267804741859436035e-01
2.269014716148376465e-01
2.269895374774932861e-01
2.270857393741607666e-01
2.272706776857376099e-01
2.272917926311492920e-01
2.272275388240814209e-01
2.275699079036712646e-01
2.277553677558898926e-01
2.279679775238037109e-01
2.289296388626098633e-01
2.295173257589340210e-01
2.301844805479049683e-01
2.307040393352508545e-01
2.307125180959701538e-01
2.307723313570022583e-01
2.308886200189590454e-01
2.309601604938507080e-01
2.309459596872329712e-01
2.311614006757736206e-01
2.313368171453475952e-01
2.312837988138198853e-01
2.313300669193267822e-01
2.313966006040573120e-01
2.314517647027969360e-01
2.314147353172302246e-01
2.314480990171432495e-01
2.313669919967651367e-01
2.313441634178161621e-01
2.313882112503051758e-01
2.313465029001235962e-01
2.313634008169174194e-01
2.313978970050811768e-01
2.313912063837051392e-01
2.314673364162445068e-01
2.314118593931198120e-01
2.314513921737670898e-01
2.314605116844177246e-01
2.313997447490692139e-01
2.314451336860656738e-01
2.313849180936813354e-01
2.314215451478958130e-01
2.314433604478836060e-01
2.314180284738540649e-01
2.314492464065551758e-01
2.313692122697830200e-01
2.314291000366210938e-01
2.314001023769378662e-01
2.313863784074783325e-01
2.314002662897109985e-01
2.313843816518783569e-01
2.314293980598449707e-01
2.313450127840042114e-01
2.314129918813705444e-01
2.313845306634902954e-01
2.313524931669235229e-01
2.313972115516662598e-01
2.313626557588577271e-01
2.314102798700332642e-01
2.314258813858032227e-01
2.313993573188781738e-01
2.314035743474960327e-01
2.313773185014724731e-01
2.313801944255828857e-01
2.313801944255828857e-01
2.313810139894485474e-01
2.313914448022842407e-01
2.314091771841049194e-01
2.314042747020721436e-01
2.313893586397171021e-01
2.313964664936065674e-01
2.314330041408538818e-01
2.313841879367828369e-01
2.313866168260574341e-01
2.313835173845291138e-01
2.313809543848037720e-01
2.313700616359710693e-01
2.313513159751892090e-01
2.313498556613922119e-01
2.313796877861022949e-01
2.313765585422515869e-01
2.313664108514785767e-01
2.313691824674606323e-01
2.313747853040695190e-01
2.313815206289291382e-01
2.313570976257324219e-01
2.313854843378067017e-01
2.313893288373947144e-01
2.313593924045562744e-01
2.313705980777740479e-01
2.313800603151321411e-01
2.313804775476455688e-01
2.313894778490066528e-01
2.313630133867263794e-01
2.313880026340484619e-01
2.313715517520904541e-01
2.313476055860519409e-01
2.313770055770874023e-01
2.313840538263320923e-01
2.313787192106246948e-01
2.313863933086395264e-01
2.314050048589706421e-01
2.313719838857650757e-01
2.313916385173797607e-01
2.313766777515411377e-01
2.313984036445617676e-01
2.313977628946304321e-01
2.313748300075531006e-01
2.313824445009231567e-01
2.313725948333740234e-01
2.313656806945800781e-01
2.313778698444366455e-01
2.314206510782241821e-01
2.313895076513290405e-01
2.313725352287292480e-01
2.313675433397293091e-01
2.313725352287292480e-01
2.313903570175170898e-01
2.313922494649887085e-01
2.313816100358963013e-01
2.313671410083770752e-01
2.313583493232727051e-01
2.313714921474456787e-01
2.313704043626785278e-01
2.313959151506423950e-01
2.313893288373947144e-01
2.313647866249084473e-01
2.313910871744155884e-01
2.313973307609558105e-01
2.313650846481323242e-01
2.313745170831680298e-01
2.313628941774368286e-01
2.313917279243469238e-01
2.313933521509170532e-01
2.313773930072784424e-01
2.313918918371200562e-01
2.313810586929321289e-01
2.313894033432006836e-01
2.313747555017471313e-01
2.313922792673110962e-01
2.314012944698333740e-01
2.313523292541503906e-01
2.314118444919586182e-01
2.313695549964904785e-01
2.314030677080154419e-01
2.313964664936065674e-01
2.313761860132217407e-01
2.313874810934066772e-01
2.313864082098007202e-01
2.313845455646514893e-01
2.313959449529647827e-01
2.313804924488067627e-01
2.313693165779113770e-01
2.313612401485443115e-01
2.313868105411529541e-01
2.313885092735290527e-01
2.314025908708572388e-01
2.314035892486572266e-01
2.313677519559860229e-01
2.313652187585830688e-01
2.314183562994003296e-01
