5.404980182647705078e+00
5.405331611633300781e+00
5.405489921569824219e+00
5.419082641601562500e+00
5.428878784179687500e+00
5.439776897430419922e+00
5.453976154327392578e+00
5.461858749389648438e+00
5.464076042175292969e+00
5.454320430755615234e+00
5.437395095825195312e+00
5.416379928588867188e+00
5.394905090332031250e+00
5.376850605010986328e+00
5.369178771972656250e+00
5.370296001434326172e+00
5.383625507354736328e+00
5.400701045989990234e+00
5.421406269073486328e+00
5.442376136779785156e+00
5.457021236419677734e+00
5.464686870574951172e+00
5.462162494659423828e+00
5.448456764221191406e+00
5.427552223205566406e+00
5.404914379119873047e+00
5.383965015411376953e+00
5.376029014587402344e+00
5.369065284729003906e+00
5.376993656158447266e+00
5.393747329711914062e+00
5.409873008728027344e+00
5.428697586059570312e+00
5.451138973236083984e+00
5.462402343750000000e+00
5.465168476104736328e+00
5.459477424621582031e+00
5.436984539031982422e+00
5.416146278381347656e+00
5.393100261688232422e+00
5.392651557922363281e+00
5.382280826568603516e+00
5.374753952026367188e+00
5.386192798614501953e+00
5.400716781616210938e+00
5.415956497192382812e+00
5.444546222686767578e+00
5.458528518676757812e+00
5.466570377349853516e+00
5.461433410644531250e+00
5.447070121765136719e+00
5.423992633819580078e+00
5.401631355285644531e+00
5.384925842285156250e+00
5.370826721191406250e+00
5.364376068115234375e+00
5.374502658843994141e+00
5.386034965515136719e+00
5.413186073303222656e+00
5.425157070159912109e+00
5.449621200561523438e+00
5.458537101745605469e+00
5.462162494659423828e+00
5.455503463745117188e+00
5.433166027069091797e+00
5.413632392883300781e+00
5.389571189880371094e+00
5.371486186981201172e+00
5.363765239715576172e+00
5.365789890289306641e+00
5.377791404724121094e+00
5.397618293762207031e+00
5.418781280517578125e+00
5.442856788635253906e+00
5.458437919616699219e+00
5.465408802032470703e+00
5.461761951446533203e+00
5.446719646453857422e+00
5.422463417053222656e+00
5.402144908905029297e+00
5.370844364166259766e+00
5.365746021270751953e+00
5.363202571868896484e+00
5.371522903442382812e+00
5.388173103332519531e+00
5.410054683685302734e+00
5.432202339172363281e+00
5.452071666717529297e+00
5.462848663330078125e+00
5.462386131286621094e+00
5.453860759735107422e+00
5.432232856750488281e+00
5.410270690917968750e+00
5.387724399566650391e+00
5.370533466339111328e+00
5.362794876098632812e+00
5.365518093109130859e+00
5.379414558410644531e+00
5.401342868804931641e+00
5.421362400054931641e+00
5.443216323852539062e+00
5.456833839416503906e+00
5.462592601776123047e+00
5.459893703460693359e+00
5.440129756927490234e+00
5.419044017791748047e+00
5.397868156433105469e+00
5.386606693267822266e+00
5.372696876525878906e+00
5.370593070983886719e+00
5.380803585052490234e+00
5.397920131683349609e+00
5.414555072784423828e+00
5.434728145599365234e+00
5.457329273223876953e+00
5.465865612030029297e+00
5.465946674346923828e+00
5.453783988952636719e+00
5.433840274810791016e+00
5.411446571350097656e+00
5.387017250061035156e+00
5.372063636779785156e+00
5.364791870117187500e+00
5.368366241455078125e+00
5.381622791290283203e+00
5.403968811035156250e+00
5.426224231719970703e+00
5.445055484771728516e+00
5.458529949188232422e+00
5.462565898895263672e+00
5.460314750671386719e+00
5.439542770385742188e+00
5.415808677673339844e+00
5.397091388702392578e+00
5.372769832611083984e+00
5.361809730529785156e+00
5.360404014587402344e+00
5.369343757629394531e+00
5.386583805084228516e+00
5.407924652099609375e+00
5.428298950195312500e+00
5.447650909423828125e+00
5.455832004547119141e+00
5.456842422485351562e+00
5.444916248321533203e+00
5.426089286804199219e+00
5.406839370727539062e+00
5.382807254791259766e+00
5.366398334503173828e+00
5.359481334686279297e+00
5.363544940948486328e+00
5.376891613006591797e+00
5.398905754089355469e+00
5.419907569885253906e+00
5.442790508270263672e+00
5.456593990325927734e+00
5.462504863739013672e+00
5.458902835845947266e+00
5.440176486968994141e+00
5.419085502624511719e+00
5.395955085754394531e+00
5.374892234802246094e+00
5.363268375396728516e+00
5.361461162567138672e+00
5.369938850402832031e+00
5.386697292327880859e+00
5.408284664154052734e+00
5.429571151733398438e+00
5.449388504028320312e+00
5.462658882141113281e+00
5.462548255920410156e+00
5.446198463439941406e+00
5.427070617675781250e+00
5.406154632568359375e+00
5.379958629608154297e+00
5.363752841949462891e+00
5.356017112731933594e+00
5.357907772064208984e+00
5.373976707458496094e+00
5.404414176940917969e+00
5.425370216369628906e+00
5.445258617401123047e+00
5.454546451568603516e+00
5.461039066314697266e+00
5.459094047546386719e+00
5.439304351806640625e+00
5.417886257171630859e+00
5.396959781646728516e+00
5.374509334564208984e+00
5.361894607543945312e+00
5.359809875488281250e+00
5.368176937103271484e+00
5.386588573455810547e+00
5.408259391784667969e+00
5.430746555328369141e+00
5.451382637023925781e+00
5.463223457336425781e+00
5.462251663208007812e+00
5.450264453887939453e+00
5.431176185607910156e+00
5.408126354217529297e+00
5.384151935577392578e+00
5.368643760681152344e+00
5.361276626586914062e+00
5.364978790283203125e+00
5.377675056457519531e+00
5.397753238677978516e+00
5.418194770812988281e+00
5.441724300384521484e+00
5.457305908203125000e+00
5.462479114532470703e+00
5.459434032440185547e+00
5.441488265991210938e+00
5.416035175323486328e+00
5.396720409393310547e+00
5.373920917510986328e+00
5.360869407653808594e+00
5.357887744903564453e+00
5.367197513580322266e+00
5.384603023529052734e+00
5.407495975494384766e+00
5.427484989166259766e+00
5.448239803314208984e+00
5.461488246917724609e+00
5.458655357360839844e+00
5.448494911193847656e+00
5.427974224090576172e+00
5.407762527465820312e+00
5.381822109222412109e+00
5.366433143615722656e+00
5.359782695770263672e+00
5.363721847534179688e+00
5.377462387084960938e+00
5.397752761840820312e+00
5.418340206146240234e+00
5.443689346313476562e+00
5.460042476654052734e+00
5.467205524444580078e+00
5.462088108062744141e+00
5.446594238281250000e+00
5.421145439147949219e+00
5.402823448181152344e+00
5.379115104675292969e+00
5.365792751312255859e+00
5.363275527954101562e+00
5.372228145599365234e+00
5.389193058013916016e+00
5.411338806152343750e+00
5.433576107025146484e+00
5.452861309051513672e+00
5.464938163757324219e+00
5.463119983673095703e+00
5.451042175292968750e+00
5.432476997375488281e+00
5.407531738281250000e+00
5.387694358825683594e+00
5.367926597595214844e+00
5.361247539520263672e+00
5.363834381103515625e+00
5.377356529235839844e+00
5.399102687835693359e+00
5.418453216552734375e+00
5.442131519317626953e+00
5.458624839782714844e+00
5.464304447174072266e+00
5.460305690765380859e+00
5.442274570465087891e+00
5.418694972991943359e+00
5.400315761566162109e+00
5.375856399536132812e+00
5.364840507507324219e+00
5.363529682159423828e+00
5.371562957763671875e+00
5.388688087463378906e+00
5.412129402160644531e+00
5.431999683380126953e+00
5.453700542449951172e+00
5.467394828796386719e+00
5.463988780975341797e+00
5.452734470367431641e+00
5.431681156158447266e+00
5.411265850067138672e+00
5.387022972106933594e+00
5.369221687316894531e+00
5.362627983093261719e+00
5.365564346313476562e+00
5.381001472473144531e+00
5.401402950286865234e+00
5.422983646392822266e+00
5.446923255920410156e+00
5.461968898773193359e+00
5.469583034515380859e+00
5.462648391723632812e+00
5.442622661590576172e+00
5.419836044311523438e+00
5.398836612701416016e+00
5.374389171600341797e+00
5.363720893859863281e+00
5.363068103790283203e+00
5.372230052947998047e+00
5.390130996704101562e+00
5.410934925079345703e+00
5.433787345886230469e+00
5.455534458160400391e+00
5.468602657318115234e+00
5.465028285980224609e+00
5.454314231872558594e+00
5.432673454284667969e+00
5.409026622772216797e+00
5.389843940734863281e+00
5.378612041473388672e+00
5.370038032531738281e+00
5.375293731689453125e+00
5.390666484832763672e+00
5.405569076538085938e+00
5.425936698913574219e+00
5.451167583465576172e+00
5.466205120086669922e+00
5.471101760864257812e+00
5.468286991119384766e+00
5.449260234832763672e+00
5.424448013305664062e+00
5.404984951019287109e+00
5.381295680999755859e+00
5.371173381805419922e+00
5.370574951171875000e+00
5.380158901214599609e+00
5.398161411285400391e+00
5.419320106506347656e+00
5.441527366638183594e+00
5.461430072784423828e+00
5.470479011535644531e+00
5.470050811767578125e+00
5.460482597351074219e+00
5.439550399780273438e+00
5.417188644409179688e+00
5.392541885375976562e+00
5.376814365386962891e+00
5.369989871978759766e+00
5.373141765594482422e+00
5.387232780456542969e+00
5.407275676727294922e+00
5.427372455596923828e+00
5.452429294586181641e+00
5.466545104980468750e+00
5.474899291992187500e+00
5.465463638305664062e+00
5.449006080627441406e+00
5.428013801574707031e+00
5.403649330139160156e+00
5.381823062896728516e+00
5.369378089904785156e+00
5.367567539215087891e+00
5.376209259033203125e+00
5.394927978515625000e+00
5.417805194854736328e+00
5.440151691436767578e+00
5.461675167083740234e+00
5.473319053649902344e+00
5.471182346343994141e+00
5.458752155303955078e+00
5.438270092010498047e+00
5.414946079254150391e+00
5.390318870544433594e+00
5.375123977661132812e+00
5.367739677429199219e+00
5.369875907897949219e+00
5.385969638824462891e+00
5.406460285186767578e+00
5.426772117614746094e+00
5.453463554382324219e+00
5.468343257904052734e+00
5.477332115173339844e+00
5.470226764678955078e+00
5.454013347625732422e+00
5.430642127990722656e+00
5.411741733551025391e+00
5.383663654327392578e+00
5.371495723724365234e+00
5.368494987487792969e+00
5.376251220703125000e+00
5.392514705657958984e+00
5.416183471679687500e+00
5.437600135803222656e+00
5.460709571838378906e+00
5.473874568939208984e+00
5.475511550903320312e+00
5.466121673583984375e+00
5.447705268859863281e+00
5.427112579345703125e+00
5.404114246368408203e+00
5.383335113525390625e+00
5.375700473785400391e+00
5.377709865570068359e+00
5.389742374420166016e+00
5.408968925476074219e+00
5.431701660156250000e+00
5.456156253814697266e+00
5.474231719970703125e+00
5.481528282165527344e+00
5.479146480560302734e+00
5.466178894042968750e+00
5.441978454589843750e+00
5.420112133026123047e+00
5.395145416259765625e+00
5.386392116546630859e+00
5.379331588745117188e+00
5.386099815368652344e+00
5.404116153717041016e+00
5.420802593231201172e+00
5.443275451660156250e+00
5.470205783843994141e+00
5.478407859802246094e+00
5.482601642608642578e+00
5.474222660064697266e+00
5.453483581542968750e+00
5.429015636444091797e+00
5.407402038574218750e+00
5.384751796722412109e+00
5.375627517700195312e+00
5.376283645629882812e+00
5.388813972473144531e+00
5.409122943878173828e+00
5.431456565856933594e+00
5.454226493835449219e+00
5.475295066833496094e+00
5.483954429626464844e+00
5.481404304504394531e+00
5.469269752502441406e+00
5.448379039764404297e+00
5.428224086761474609e+00
5.401994228363037109e+00
5.388419151306152344e+00
5.383038520812988281e+00
5.387927055358886719e+00
5.402571678161621094e+00
5.424274921417236328e+00
5.447672367095947266e+00
5.471620082855224609e+00
5.482834339141845703e+00
5.489749431610107422e+00
5.483945846557617188e+00
5.467286586761474609e+00
5.444847583770751953e+00
5.422322273254394531e+00
5.398890018463134766e+00
5.388418674468994141e+00
5.387332439422607422e+00
5.397148132324218750e+00
5.414596080780029297e+00
5.437633037567138672e+00
5.459753036499023438e+00
5.478576660156250000e+00
5.486621856689453125e+00
5.488617897033691406e+00
5.477075576782226562e+00
5.458192825317382812e+00
5.436513900756835938e+00
5.410233020782470703e+00
5.393003463745117188e+00
5.386113643646240234e+00
5.388027667999267578e+00
5.402335643768310547e+00
5.422842502593994141e+00
5.445516109466552734e+00
5.468711376190185547e+00
5.484461307525634766e+00
5.490770816802978516e+00
5.487548351287841797e+00
5.474255084991455078e+00
5.451154232025146484e+00
5.429568290710449219e+00
5.405939102172851562e+00
5.395410060882568359e+00
5.392696857452392578e+00
5.398203372955322266e+00
5.416088581085205078e+00
5.437435626983642578e+00
5.457189559936523438e+00
5.482097148895263672e+00
5.494991302490234375e+00
5.498055458068847656e+00
5.490861415863037109e+00
5.473269939422607422e+00
5.452579975128173828e+00
5.428719997406005859e+00
5.408642768859863281e+00
5.398766994476318359e+00
5.397851943969726562e+00
5.406750202178955078e+00
5.424168109893798828e+00
5.445719718933105469e+00
5.467582225799560547e+00
5.488435268402099609e+00
5.499488353729248047e+00
5.497173309326171875e+00
5.486176967620849609e+00
5.466202259063720703e+00
5.446818828582763672e+00
5.420567989349365234e+00
5.404458522796630859e+00
5.397175788879394531e+00
5.396939754486083984e+00
5.413984298706054688e+00
5.433666706085205078e+00
5.454022407531738281e+00
5.477937698364257812e+00
5.495122432708740234e+00
5.504732608795166016e+00
5.498805046081542969e+00
5.484443187713623047e+00
5.464008331298828125e+00
5.441102981567382812e+00
5.419130802154541016e+00
5.406569957733154297e+00
5.402572154998779297e+00
5.409492969512939453e+00
5.425457477569580078e+00
5.447237014770507812e+00
5.469201087951660156e+00
5.491990566253662109e+00
5.502250671386718750e+00
5.508748054504394531e+00
5.501328468322753906e+00
5.484885692596435547e+00
5.460978507995605469e+00
5.439525604248046875e+00
5.428161621093750000e+00
5.414742946624755859e+00
5.411941051483154297e+00
5.423528194427490234e+00
5.441900253295898438e+00
5.457621097564697266e+00
5.476748943328857422e+00
5.498488426208496094e+00
5.508152008056640625e+00
5.507258415222167969e+00
5.497605800628662109e+00
5.476016044616699219e+00
5.453903198242187500e+00
5.430351734161376953e+00
5.412911415100097656e+00
5.405021667480468750e+00
5.407479286193847656e+00
5.420970439910888672e+00
5.441529750823974609e+00
5.463269710540771484e+00
5.487999439239501953e+00
5.504878520965576172e+00
5.511480808258056641e+00
5.506350994110107422e+00
5.490555763244628906e+00
5.468874931335449219e+00
5.450787544250488281e+00
5.426626682281494141e+00
5.412752151489257812e+00
5.408695697784423828e+00
5.414642333984375000e+00
5.431824207305908203e+00
5.453760147094726562e+00
5.478499889373779297e+00
5.499028682708740234e+00
5.510394096374511719e+00
5.515769481658935547e+00
5.509945392608642578e+00
5.490831851959228516e+00
5.470687389373779297e+00
5.445831775665283203e+00
5.425595760345458984e+00
5.414320468902587891e+00
5.412829875946044922e+00
5.421465396881103516e+00
5.439187049865722656e+00
5.460853576660156250e+00
5.481065750122070312e+00
5.502298355102539062e+00
5.511500835418701172e+00
5.511062145233154297e+00
5.499657630920410156e+00
5.480191707611083984e+00
5.459528446197509766e+00
5.433005332946777344e+00
5.417881965637207031e+00
5.409831047058105469e+00
5.412410736083984375e+00
5.425149440765380859e+00
5.445143699645996094e+00
5.467879772186279297e+00
5.489769935607910156e+00
5.503863334655761719e+00
5.513277530670166016e+00
5.508783340454101562e+00
5.495441436767578125e+00
5.471777915954589844e+00
5.451846122741699219e+00
5.429416179656982422e+00
5.416799545288085938e+00
5.413071155548095703e+00
5.420347690582275391e+00
5.436151027679443359e+00
5.459434032440185547e+00
