5.481349945068359375e+00
5.471793651580810547e+00
5.379355907440185547e+00
5.346854686737060547e+00
5.344571113586425781e+00
5.361933231353759766e+00
5.374475955963134766e+00
5.370308399200439453e+00
5.366512775421142578e+00
5.375568866729736328e+00
5.391548156738281250e+00
5.410889625549316406e+00
5.428240776062011719e+00
5.423699855804443359e+00
5.394103050231933594e+00
5.345942020416259766e+00
5.333065986633300781e+00
5.364915847778320312e+00
5.404710769653320312e+00
5.407305240631103516e+00
5.404858112335205078e+00
5.390730381011962891e+00
5.402345180511474609e+00
5.399431705474853516e+00
5.397716045379638672e+00
5.387165069580078125e+00
5.370638370513916016e+00
5.337835311889648438e+00
5.329844474792480469e+00
5.373554229736328125e+00
5.407392024993896484e+00
5.431812763214111328e+00
5.411577224731445312e+00
5.380161762237548828e+00
5.372514247894287109e+00
5.382381916046142578e+00
5.381268501281738281e+00
5.373376846313476562e+00
5.364470481872558594e+00
5.365698337554931641e+00
5.369777679443359375e+00
5.399911403656005859e+00
5.433333873748779297e+00
5.453328609466552734e+00
5.435235023498535156e+00
5.383732318878173828e+00
5.355872631072998047e+00
5.366395950317382812e+00
5.393388271331787109e+00
5.407325267791748047e+00
5.403802871704101562e+00
5.403602600097656250e+00
5.411052227020263672e+00
5.424872875213623047e+00
5.431106567382812500e+00
5.430246353149414062e+00
5.417056560516357422e+00
5.368474483489990234e+00
5.345936298370361328e+00
5.357381343841552734e+00
5.395125389099121094e+00
5.428477287292480469e+00
5.424325942993164062e+00
5.403747558593750000e+00
5.396718025207519531e+00
5.401867389678955078e+00
5.395121097564697266e+00
5.383362770080566406e+00
5.370788097381591797e+00
5.355606079101562500e+00
5.348461151123046875e+00
5.373585224151611328e+00
5.408566951751708984e+00
5.444474220275878906e+00
5.445405006408691406e+00
5.411315917968750000e+00
5.379481315612792969e+00
5.380278110504150391e+00
5.386428356170654297e+00
5.394305706024169922e+00
5.388099670410156250e+00
5.387719154357910156e+00
5.395696163177490234e+00
5.412040710449218750e+00
5.432378768920898438e+00
5.452932834625244141e+00
5.450563907623291016e+00
5.405222892761230469e+00
5.365123271942138672e+00
5.361754894256591797e+00
5.393868446350097656e+00
5.424942016601562500e+00
5.434607028961181641e+00
5.418287754058837891e+00
5.417906761169433594e+00
5.428810119628906250e+00
5.428266525268554688e+00
5.424705505371093750e+00
5.414217948913574219e+00
5.387670516967773438e+00
5.360076427459716797e+00
5.356094360351562500e+00
5.397303581237792969e+00
5.440989017486572266e+00
5.450374126434326172e+00
5.425555229187011719e+00
5.397158145904541016e+00
5.399945259094238281e+00
5.401535034179687500e+00
5.399834156036376953e+00
5.388193130493164062e+00
5.376743316650390625e+00
5.372191429138183594e+00
5.391143798828125000e+00
5.419226169586181641e+00
5.456840038299560547e+00
5.474616527557373047e+00
5.447932720184326172e+00
5.398134708404541016e+00
5.385525703430175781e+00
5.405200958251953125e+00
5.417546272277832031e+00
5.401953697204589844e+00
5.435035228729248047e+00
5.476064682006835938e+00
5.479791164398193359e+00
5.482868671417236328e+00
5.434064865112304688e+00
5.404036045074462891e+00
5.408608913421630859e+00
5.417735099792480469e+00
5.438320159912109375e+00
5.429933071136474609e+00
5.401286125183105469e+00
5.380836963653564453e+00
5.407579421997070312e+00
5.464419841766357422e+00
5.498542785644531250e+00
5.476954460144042969e+00
5.401937961578369141e+00
5.350576400756835938e+00
5.368031501770019531e+00
5.397990703582763672e+00
5.418648242950439453e+00
5.393112659454345703e+00
5.435790061950683594e+00
5.469141006469726562e+00
5.454076290130615234e+00
5.424186229705810547e+00
5.402567386627197266e+00
5.407214164733886719e+00
5.418547630310058594e+00
5.420320987701416016e+00
5.413667201995849609e+00
5.419378757476806641e+00
5.420429706573486328e+00
5.441998004913330078e+00
5.464970588684082031e+00
5.484345436096191406e+00
5.477750301361083984e+00
5.429159164428710938e+00
5.392491817474365234e+00
5.397170543670654297e+00
5.427606105804443359e+00
5.459278106689453125e+00
5.458683013916015625e+00
5.452503204345703125e+00
5.450513839721679688e+00
5.463134288787841797e+00
5.466278076171875000e+00
5.455096244812011719e+00
5.453205585479736328e+00
5.416194915771484375e+00
5.396570205688476562e+00
5.394331455230712891e+00
5.435754776000976562e+00
5.475515365600585938e+00
5.480925559997558594e+00
5.459035396575927734e+00
5.450236797332763672e+00
5.440946102142333984e+00
5.440706253051757812e+00
5.437179088592529297e+00
5.425787925720214844e+00
5.415370941162109375e+00
5.415828704833984375e+00
5.433016777038574219e+00
5.460587501525878906e+00
5.492440223693847656e+00
5.505330085754394531e+00
5.468338489532470703e+00
5.425141811370849609e+00
5.420564651489257812e+00
5.442285060882568359e+00
5.463533401489257812e+00
5.458789825439453125e+00
5.459640026092529297e+00
5.465627193450927734e+00
5.477606296539306641e+00
5.492928028106689453e+00
5.503047466278076172e+00
5.495520114898681641e+00
5.463458538055419922e+00
5.419896125793457031e+00
5.409352302551269531e+00
5.441164016723632812e+00
5.483741760253906250e+00
5.490824222564697266e+00
5.478733539581298828e+00
5.460925579071044922e+00
5.465919971466064453e+00
5.468714237213134766e+00
5.465236663818359375e+00
5.456119537353515625e+00
5.443029403686523438e+00
5.414944648742675781e+00
5.416203022003173828e+00
5.444712638854980469e+00
5.493277072906494141e+00
5.515472412109375000e+00
5.489816188812255859e+00
5.450880527496337891e+00
5.438419342041015625e+00
5.452072143554687500e+00
5.455911159515380859e+00
5.454215049743652344e+00
5.448738098144531250e+00
5.452272891998291016e+00
5.469877243041992188e+00
5.485098361968994141e+00
5.506732463836669922e+00
5.521180629730224609e+00
5.499725341796875000e+00
5.451165199279785156e+00
5.424869060516357422e+00
5.439311027526855469e+00
5.472697734832763672e+00
5.496979236602783203e+00
5.491565227508544922e+00
5.492978572845458984e+00
5.484742641448974609e+00
5.494661808013916016e+00
5.495886802673339844e+00
5.492300510406494141e+00
5.478754520416259766e+00
5.442863941192626953e+00
5.422160625457763672e+00
5.440671920776367188e+00
5.481797218322753906e+00
5.519290924072265625e+00
5.513428211212158203e+00
5.478851318359375000e+00
5.459989547729492188e+00
5.464971542358398438e+00
5.468506813049316406e+00
5.469766139984130859e+00
5.459188938140869141e+00
5.452087402343750000e+00
5.453873634338378906e+00
5.460835456848144531e+00
5.502676963806152344e+00
5.522014141082763672e+00
5.527215957641601562e+00
5.486096858978271484e+00
5.443374156951904297e+00
5.440011501312255859e+00
5.466314315795898438e+00
5.491174697875976562e+00
5.486820697784423828e+00
5.484400272369384766e+00
5.487890243530273438e+00
5.499647140502929688e+00
5.513035297393798828e+00
5.518014430999755859e+00
5.506469726562500000e+00
5.478029727935791016e+00
5.433485507965087891e+00
5.426170349121093750e+00
5.458994865417480469e+00
5.499396800994873047e+00
5.512280941009521484e+00
5.492806911468505859e+00
5.475827217102050781e+00
5.480997085571289062e+00
5.488508224487304688e+00
5.478149414062500000e+00
5.468206405639648438e+00
5.448668479919433594e+00
5.439185142517089844e+00
5.445267677307128906e+00
5.471291065216064453e+00
5.513214588165283203e+00
5.537482738494873047e+00
5.516625881195068359e+00
5.465440273284912109e+00
5.447009563446044922e+00
5.461661338806152344e+00
5.471762180328369141e+00
5.473315238952636719e+00
5.468319416046142578e+00
5.470468997955322266e+00
5.484612464904785156e+00
5.499994754791259766e+00
5.517842292785644531e+00
5.513912200927734375e+00
5.509020805358886719e+00
5.454008102416992188e+00
5.426312446594238281e+00
5.438264369964599609e+00
5.477880001068115234e+00
5.505425930023193359e+00
5.498319149017333984e+00
