-4.853669643402099609e+00
-4.853669643402099609e+00
-4.853669643402099609e+00
-4.853669643402099609e+00
-4.853669643402099609e+00
-4.853669643402099609e+00
-4.853669643402099609e+00
-4.853669643402099609e+00
-4.853669643402099609e+00
-4.853669643402099609e+00
-4.853669643402099609e+00
-4.853669643402099609e+00
-4.853669643402099609e+00
-4.853669643402099609e+00
-4.853669643402099609e+00
-4.853669643402099609e+00
-4.853669643402099609e+00
-4.853669643402099609e+00
-4.853669643402099609e+00
-4.853669643402099609e+00
-4.853669643402099609e+00
-4.853669643402099609e+00
-4.853669643402099609e+00
-4.853669643402099609e+00
-4.853669643402099609e+00
-4.853669643402099609e+00
-4.853669643402099609e+00
-4.853669643402099609e+00
-4.853669643402099609e+00
-4.853669643402099609e+00
-4.853669643402099609e+00
-4.853669643402099609e+00
-4.853669643402099609e+00
-4.853669643402099609e+00
-4.853669643402099609e+00
-4.853669643402099609e+00
-4.853669643402099609e+00
-4.853669643402099609e+00
-4.853669643402099609e+00
-4.853669643402099609e+00
-4.853669643402099609e+00
-4.853669643402099609e+00
-4.853669643402099609e+00
-4.853669643402099609e+00
-4.853669643402099609e+00
-4.853669643402099609e+00
-4.853669643402099609e+00
-4.853669643402099609e+00
-4.853669643402099609e+00
-4.853669643402099609e+00
-4.853669643402099609e+00
-4.853669643402099609e+00
-4.853669643402099609e+00
-4.853669643402099609e+00
-4.853669643402099609e+00
-4.853669643402099609e+00
-4.853669643402099609e+00
-4.853669643402099609e+00
-4.853669643402099609e+00
-4.853669643402099609e+00
-4.853669643402099609e+00
-4.853669643402099609e+00
-4.853669643402099609e+00
-4.853669643402099609e+00
-4.853669643402099609e+00
-4.853669643402099609e+00
-4.853669643402099609e+00
-4.853669643402099609e+00
-4.853669643402099609e+00
-4.853669643402099609e+00
-4.853669643402099609e+00
-4.853669643402099609e+00
-4.853669643402099609e+00
-4.853669643402099609e+00
-4.853669643402099609e+00
-4.853669643402099609e+00
-4.853669643402099609e+00
-4.853669643402099609e+00
-4.853669643402099609e+00
-4.853669643402099609e+00
-4.853669643402099609e+00
-4.853669643402099609e+00
-4.853669643402099609e+00
-4.853669643402099609e+00
-4.853669643402099609e+00
-4.853669643402099609e+00
-4.853669643402099609e+00
-4.853669643402099609e+00
-4.853669643402099609e+00
-4.853669643402099609e+00
-4.853669643402099609e+00
-4.853669643402099609e+00
-4.853669643402099609e+00
-4.853669643402099609e+00
-4.853669643402099609e+00
-4.853669643402099609e+00
-4.853669643402099609e+00
-4.853669643402099609e+00
-4.853669643402099609e+00
-4.853669643402099609e+00
-4.853669643402099609e+00
-4.853669643402099609e+00
-4.853669643402099609e+00
-4.853669643402099609e+00
-4.853669643402099609e+00
-4.853669643402099609e+00
-4.853669643402099609e+00
-4.853669643402099609e+00
-4.853669643402099609e+00
-4.853669643402099609e+00
-4.853669643402099609e+00
-4.853669643402099609e+00
-4.853669643402099609e+00
-4.853669643402099609e+00
-4.853669643402099609e+00
-4.853669643402099609e+00
-4.853669643402099609e+00
-4.853669643402099609e+00
-4.853669643402099609e+00
-4.853669643402099609e+00
-4.853669643402099609e+00
-4.853669643402099609e+00
-4.853669643402099609e+00
-4.853669643402099609e+00
-4.853669643402099609e+00
-4.853669643402099609e+00
-4.853669643402099609e+00
-4.853669643402099609e+00
-4.853669643402099609e+00
-4.853669643402099609e+00
-4.853669643402099609e+00
-9.739400863647460938e+00
-9.739400863647460938e+00
-9.739400863647460938e+00
-9.739400863647460938e+00
-9.739400863647460938e+00
-9.739400863647460938e+00
-9.739400863647460938e+00
-9.739400863647460938e+00
-9.529155731201171875e+00
-9.406691551208496094e+00
-9.358186721801757812e+00
-9.329757690429687500e+00
-9.329757690429687500e+00
-9.329757690429687500e+00
-9.329757690429687500e+00
-9.329757690429687500e+00
-9.329757690429687500e+00
-9.329757690429687500e+00
-9.329757690429687500e+00
-9.329757690429687500e+00
-9.329757690429687500e+00
-9.329757690429687500e+00
-9.329757690429687500e+00
-9.329757690429687500e+00
-9.329757690429687500e+00
-9.329757690429687500e+00
-9.329757690429687500e+00
-7.560381889343261719e+00
-7.431032180786132812e+00
-7.321404933929443359e+00
-7.226973056793212891e+00
-7.226973056793212891e+00
-7.226973056793212891e+00
-7.226973056793212891e+00
-7.226973056793212891e+00
-7.226973056793212891e+00
-7.226973056793212891e+00
-7.226973056793212891e+00
-7.226973056793212891e+00
-7.226973056793212891e+00
-7.226973056793212891e+00
-7.226973056793212891e+00
-7.226973056793212891e+00
-7.226973056793212891e+00
-7.226973056793212891e+00
-7.226973056793212891e+00
-7.226973056793212891e+00
-7.226973056793212891e+00
-7.226973056793212891e+00
-5.152163028717041016e+00
-5.174512386322021484e+00
-5.174512386322021484e+00
-5.174512386322021484e+00
-5.174512386322021484e+00
-5.174512386322021484e+00
-5.174512386322021484e+00
-5.174512386322021484e+00
-5.174512386322021484e+00
-5.174512386322021484e+00
-5.174512386322021484e+00
-5.174512386322021484e+00
-5.174512386322021484e+00
-5.174512386322021484e+00
-5.174512386322021484e+00
-5.174512386322021484e+00
-5.174512386322021484e+00
-5.174512386322021484e+00
-5.174512386322021484e+00
-5.174512386322021484e+00
-5.174512386322021484e+00
-5.174512386322021484e+00
-5.174512386322021484e+00
-5.174512386322021484e+00
-5.174512386322021484e+00
-2.405153274536132812e+00
-2.405153274536132812e+00
-2.405153274536132812e+00
-2.405153274536132812e+00
-2.405153274536132812e+00
-2.405153274536132812e+00
-2.405153274536132812e+00
-2.405153274536132812e+00
-2.405153274536132812e+00
-2.405153274536132812e+00
-1.246304154396057129e+00
-1.131035685539245605e+00
-1.023847341537475586e+00
-9.138588309288024902e-01
-8.070250153541564941e-01
-6.858726143836975098e-01
-5.775163769721984863e-01
-4.748401045799255371e-01
-3.619580864906311035e-01
-2.580189406871795654e-01
-1.506237834692001343e-01
-3.439425677061080933e-02
6.973619014024734497e-02
1.759059280157089233e-01
2.924292087554931641e-01
3.995148539543151855e-01
5.073555707931518555e-01
6.139766573905944824e-01
7.343262434005737305e-01
8.428121805191040039e-01
9.586929678916931152e-01
1.079238295555114746e+00
1.190895557403564453e+00
1.312841773033142090e+00
1.426063179969787598e+00
1.539205074310302734e+00
1.652555823326110840e+00
1.775810241699218750e+00
1.888207316398620605e+00
2.000484228134155273e+00
2.115887403488159180e+00
2.241933822631835938e+00
2.356857299804687500e+00
2.471864223480224609e+00
2.596952438354492188e+00
2.711011886596679688e+00
2.826539278030395508e+00
2.949202060699462891e+00
3.078276157379150391e+00
3.185964345932006836e+00
3.313897848129272461e+00
3.432494878768920898e+00
3.553073167800903320e+00
3.679806232452392578e+00
3.778264760971069336e+00
3.868434429168701172e+00
3.967671155929565430e+00
4.065478324890136719e+00
4.166673183441162109e+00
4.260410785675048828e+00
4.355951309204101562e+00
4.488540172576904297e+00
4.663338184356689453e+00
4.692160129547119141e+00
4.692160129547119141e+00
4.692160129547119141e+00
4.692160129547119141e+00
4.692160129547119141e+00
5.142221450805664062e+00
5.206608295440673828e+00
5.220410823822021484e+00
5.203422069549560547e+00
5.172929763793945312e+00
5.141845226287841797e+00
5.089076519012451172e+00
5.010059356689453125e+00
4.900451660156250000e+00
4.770207405090332031e+00
4.653641223907470703e+00
4.554152488708496094e+00
4.491580486297607422e+00
4.440370082855224609e+00
4.350786685943603516e+00
4.234375476837158203e+00
4.112243175506591797e+00
3.986255884170532227e+00
3.848282575607299805e+00
3.723444223403930664e+00
3.595943689346313477e+00
3.508736133575439453e+00
3.462292194366455078e+00
3.442978382110595703e+00
3.425393342971801758e+00
3.366202831268310547e+00
3.275077104568481445e+00
3.169188499450683594e+00
3.049226284027099609e+00
2.937884092330932617e+00
2.819233417510986328e+00
2.704067945480346680e+00
2.575666666030883789e+00
2.456677436828613281e+00
2.344902038574218750e+00
2.233352422714233398e+00
2.141478061676025391e+00
2.041228055953979492e+00
1.934288382530212402e+00
1.821644186973571777e+00
1.703668951988220215e+00
1.590464949607849121e+00
1.468802094459533691e+00
1.353412866592407227e+00
1.238962292671203613e+00
1.104430079460144043e+00
9.915604591369628906e-01
8.951506614685058594e-01
7.676931023597717285e-01
6.590101122856140137e-01
5.513855814933776855e-01
4.293738901615142822e-01
3.204018175601959229e-01
2.296002805233001709e-01
1.638491302728652954e-01
9.993892908096313477e-02
1.714850217103958130e-02
-8.342602849006652832e-02
-2.000525146722793579e-01
-3.283910751342773438e-01
-4.414438605308532715e-01
-5.558757781982421875e-01
-6.718707680702209473e-01
-7.896919250488281250e-01
-8.821609616279602051e-01
-9.657061696052551270e-01
-1.001860618591308594e+00
-1.182558298110961914e+00
-1.306847929954528809e+00
-1.395761966705322266e+00
-1.501015305519104004e+00
-1.610923767089843750e+00
-1.723787903785705566e+00
-1.814748406410217285e+00
-1.857635617256164551e+00
-1.913148880004882812e+00
-2.005968093872070312e+00
-2.096295356750488281e+00
-2.208262443542480469e+00
-2.331061124801635742e+00
-2.441152811050415039e+00
-2.562566280364990234e+00
-2.678240537643432617e+00
-2.777445554733276367e+00
-2.868051290512084961e+00
-2.946203470230102539e+00
-2.995032787322998047e+00
-3.002640962600708008e+00
-2.983105421066284180e+00
-2.965362310409545898e+00
-2.970171928405761719e+00
-3.006973981857299805e+00
-3.075529575347900391e+00
-3.169193029403686523e+00
-3.273174524307250977e+00
-3.374942779541015625e+00
-3.454339742660522461e+00
-3.507976055145263672e+00
-3.544191837310791016e+00
-3.602058887481689453e+00
-3.703967571258544922e+00
-3.820409059524536133e+00
-3.942255735397338867e+00
-4.046627044677734375e+00
-4.131031513214111328e+00
-4.200703620910644531e+00
-4.252667427062988281e+00
-4.322656631469726562e+00
-4.396665096282958984e+00
-4.493663311004638672e+00
-4.577104091644287109e+00
-4.577104091644287109e+00
-4.577104091644287109e+00
-4.577104091644287109e+00
-4.577104091644287109e+00
-4.577104091644287109e+00
-4.577104091644287109e+00
-4.577104091644287109e+00
-4.577104091644287109e+00
-4.577104091644287109e+00
-4.577104091644287109e+00
-4.577104091644287109e+00
-4.577104091644287109e+00
-4.577104091644287109e+00
-4.577104091644287109e+00
-4.577104091644287109e+00
-4.577104091644287109e+00
-4.577104091644287109e+00
-5.756605625152587891e+00
-5.860261917114257812e+00
-5.991447448730468750e+00
-6.094306468963623047e+00
-6.156000614166259766e+00
-6.197887420654296875e+00
-6.178163051605224609e+00
-6.121784210205078125e+00
-6.017186164855957031e+00
-5.912799358367919922e+00
-5.635460376739501953e+00
-5.624841213226318359e+00
-5.624841213226318359e+00
-5.624841213226318359e+00
-5.624841213226318359e+00
-5.626778125762939453e+00
-5.734245777130126953e+00
-5.868396282196044922e+00
-6.004902839660644531e+00
-6.004902839660644531e+00
-6.078794002532958984e+00
-6.177356719970703125e+00
-6.139848232269287109e+00
-6.064691066741943359e+00
-5.957534790039062500e+00
-5.823434352874755859e+00
-5.815392017364501953e+00
-5.815392017364501953e+00
-5.815392017364501953e+00
-5.815392017364501953e+00
-5.815392017364501953e+00
-5.687786102294921875e+00
-5.709200382232666016e+00
-5.893433570861816406e+00
-6.002296447753906250e+00
-6.096477508544921875e+00
-6.150979042053222656e+00
-6.149111747741699219e+00
-6.095814228057861328e+00
-6.038792610168457031e+00
-6.038792610168457031e+00
-6.038792610168457031e+00
-6.038792610168457031e+00
-6.038792610168457031e+00
-6.038792610168457031e+00
-6.038792610168457031e+00
-6.038792610168457031e+00
-6.038792610168457031e+00
-5.776822566986083984e+00
-5.860899925231933594e+00
-5.860899925231933594e+00
-5.860899925231933594e+00
-5.860899925231933594e+00
-5.860899925231933594e+00
-5.860899925231933594e+00
-5.860899925231933594e+00
-5.860899925231933594e+00
-5.860899925231933594e+00
-5.860899925231933594e+00
-5.860899925231933594e+00
-5.860899925231933594e+00
-5.860899925231933594e+00
-5.860899925231933594e+00
-5.860899925231933594e+00
-5.860899925231933594e+00
-5.860899925231933594e+00
-5.860899925231933594e+00
-5.860899925231933594e+00
-5.860899925231933594e+00
-5.860899925231933594e+00
-5.860899925231933594e+00
-5.860899925231933594e+00
-5.860899925231933594e+00
-5.860899925231933594e+00
-5.860899925231933594e+00
-5.860899925231933594e+00
-5.860899925231933594e+00
-5.860899925231933594e+00
-5.860899925231933594e+00
-9.219754219055175781e+00
-9.355203628540039062e+00
-9.355203628540039062e+00
-9.355203628540039062e+00
-9.355203628540039062e+00
-9.355203628540039062e+00
-9.355203628540039062e+00
-9.355203628540039062e+00
-9.355203628540039062e+00
-9.355203628540039062e+00
-9.355203628540039062e+00
-9.355203628540039062e+00
-9.355203628540039062e+00
-9.355203628540039062e+00
-9.355203628540039062e+00
-9.355203628540039062e+00
-9.355203628540039062e+00
-9.355203628540039062e+00
-9.355203628540039062e+00
-9.355203628540039062e+00
-9.355203628540039062e+00
-9.355203628540039062e+00
-9.355203628540039062e+00
-9.355203628540039062e+00
-9.355203628540039062e+00
-9.355203628540039062e+00
-9.355203628540039062e+00
-9.355203628540039062e+00
-1.263215065002441406e+01
-1.275054168701171875e+01
-1.286755180358886719e+01
-1.297719669342041016e+01
-1.308628082275390625e+01
-1.320662593841552734e+01
-1.333082008361816406e+01
-1.344993114471435547e+01
-1.359283924102783203e+01
-1.372489356994628906e+01
-1.384335422515869141e+01
-1.394585704803466797e+01
-1.405970191955566406e+01
-1.417643737792968750e+01
-1.428829479217529297e+01
-1.442207050323486328e+01
-1.453806209564208984e+01
-1.465285968780517578e+01
-1.477844429016113281e+01
-1.492584609985351562e+01
-1.504793167114257812e+01
-1.517756271362304688e+01
-1.529425239562988281e+01
-1.541138076782226562e+01
-1.553639984130859375e+01
-1.565348911285400391e+01
-1.576996421813964844e+01
-1.587629604339599609e+01
-1.600106811523437500e+01
-1.612765312194824219e+01
-1.625406646728515625e+01
-1.634711074829101562e+01
-1.636952781677246094e+01
-1.636952781677246094e+01
-1.636952781677246094e+01
-1.636952781677246094e+01
-1.636952781677246094e+01
-1.636952781677246094e+01
-1.636952781677246094e+01
-1.636952781677246094e+01
-1.636952781677246094e+01
-1.636952781677246094e+01
-1.636952781677246094e+01
-1.636952781677246094e+01
-1.636952781677246094e+01
-1.636952781677246094e+01
-1.636952781677246094e+01
-1.636952781677246094e+01
-1.636952781677246094e+01
-1.636952781677246094e+01
-1.636952781677246094e+01
-1.636952781677246094e+01
-1.636952781677246094e+01
-1.636952781677246094e+01
-1.636952781677246094e+01
-1.636952781677246094e+01
-1.636952781677246094e+01
-1.636952781677246094e+01
-1.636952781677246094e+01
-1.636952781677246094e+01
-1.636952781677246094e+01
-1.636952781677246094e+01
-1.636952781677246094e+01
-1.636952781677246094e+01
-1.636952781677246094e+01
-1.636952781677246094e+01
-1.636952781677246094e+01
-1.636952781677246094e+01
-1.636952781677246094e+01
-1.636952781677246094e+01
-1.636952781677246094e+01
-1.636952781677246094e+01
-1.636952781677246094e+01
-1.636952781677246094e+01
-1.636952781677246094e+01
-1.636952781677246094e+01
-1.636952781677246094e+01
-1.636952781677246094e+01
-1.636952781677246094e+01
-1.636952781677246094e+01
-1.636952781677246094e+01
-1.636952781677246094e+01
-1.636952781677246094e+01
-1.636952781677246094e+01
-1.636952781677246094e+01
-1.636952781677246094e+01
-1.636952781677246094e+01
-1.636952781677246094e+01
-1.636952781677246094e+01
-1.636952781677246094e+01
-1.636952781677246094e+01
-1.636952781677246094e+01
-1.636952781677246094e+01
