4.001348018646240234e+00
4.001348018646240234e+00
4.001348018646240234e+00
4.001348018646240234e+00
4.001348018646240234e+00
4.001348018646240234e+00
4.001348018646240234e+00
4.001348018646240234e+00
4.001348018646240234e+00
4.001348018646240234e+00
4.001348018646240234e+00
4.001348018646240234e+00
4.001348018646240234e+00
4.001348018646240234e+00
4.001348018646240234e+00
4.001348018646240234e+00
4.001348018646240234e+00
4.001348018646240234e+00
4.001348018646240234e+00
4.001348018646240234e+00
4.001348018646240234e+00
4.001348018646240234e+00
4.001348018646240234e+00
4.001348018646240234e+00
4.001348018646240234e+00
4.001348018646240234e+00
4.001348018646240234e+00
4.001348018646240234e+00
4.001348018646240234e+00
4.001348018646240234e+00
4.001348018646240234e+00
4.001348018646240234e+00
4.001348018646240234e+00
4.001348018646240234e+00
4.001348018646240234e+00
4.001348018646240234e+00
4.001348018646240234e+00
4.001348018646240234e+00
4.001348018646240234e+00
4.001348018646240234e+00
4.001348018646240234e+00
4.001348018646240234e+00
4.001348018646240234e+00
4.001348018646240234e+00
4.001348018646240234e+00
4.001348018646240234e+00
4.001348018646240234e+00
4.001348018646240234e+00
4.001348018646240234e+00
4.001348018646240234e+00
4.001348018646240234e+00
4.001348018646240234e+00
4.001348018646240234e+00
4.001348018646240234e+00
4.001348018646240234e+00
4.001348018646240234e+00
4.001348018646240234e+00
4.001348018646240234e+00
4.001348018646240234e+00
4.001348018646240234e+00
4.001348018646240234e+00
4.001348018646240234e+00
4.001348018646240234e+00
4.001348018646240234e+00
4.001348018646240234e+00
4.001348018646240234e+00
4.001348018646240234e+00
4.001348018646240234e+00
4.001348018646240234e+00
4.001348018646240234e+00
4.001348018646240234e+00
4.001348018646240234e+00
4.001348018646240234e+00
4.001348018646240234e+00
4.001348018646240234e+00
4.001348018646240234e+00
4.001348018646240234e+00
4.001348018646240234e+00
4.001348018646240234e+00
4.001348018646240234e+00
4.001348018646240234e+00
2.114602565765380859e+00
1.995851635932922363e+00
1.897435307502746582e+00
1.811873078346252441e+00
1.742481708526611328e+00
1.681081652641296387e+00
1.631911993026733398e+00
1.589987158775329590e+00
1.543116569519042969e+00
1.483277797698974609e+00
1.438010334968566895e+00
1.392776250839233398e+00
1.348364949226379395e+00
1.311139822006225586e+00
1.265248775482177734e+00
1.220261096954345703e+00
1.181986927986145020e+00
1.144659399986267090e+00
1.111796259880065918e+00
1.076197504997253418e+00
1.039934754371643066e+00
1.002116918563842773e+00
9.756513237953186035e-01
9.598998427391052246e-01
9.357175827026367188e-01
9.147437214851379395e-01
8.966551423072814941e-01
8.797411322593688965e-01
8.678793311119079590e-01
8.625475168228149414e-01
8.625233769416809082e-01
8.629196882247924805e-01
8.629349470138549805e-01
8.629531264305114746e-01
8.629547357559204102e-01
8.629304766654968262e-01
8.629552721977233887e-01
8.628948330879211426e-01
8.628951907157897949e-01
8.629208207130432129e-01
8.629620671272277832e-01
8.629855513572692871e-01
8.628821372985839844e-01
8.629889488220214844e-01
8.629398345947265625e-01
8.629619479179382324e-01
8.629305958747863770e-01
8.629657626152038574e-01
8.629608154296875000e-01
8.629702329635620117e-01
8.629685044288635254e-01
8.629273176193237305e-01
8.629608154296875000e-01
8.629485964775085449e-01
8.629781007766723633e-01
8.629475831985473633e-01
8.629630208015441895e-01
8.628652691841125488e-01
8.627543449401855469e-01
8.627653717994689941e-01
8.627713918685913086e-01
8.627606630325317383e-01
8.627902865409851074e-01
8.627849221229553223e-01
8.627999424934387207e-01
8.627904653549194336e-01
8.627520203590393066e-01
8.627865910530090332e-01
8.627887368202209473e-01
8.627775907516479492e-01
8.628099560737609863e-01
8.627645373344421387e-01
8.627732396125793457e-01
8.627948164939880371e-01
8.627577424049377441e-01
8.627975583076477051e-01
8.628085851669311523e-01
8.628061413764953613e-01
8.628022074699401855e-01
8.628035783767700195e-01
8.627968430519104004e-01
8.627683520317077637e-01
8.627769947052001953e-01
8.627792000770568848e-01
8.628044128417968750e-01
8.628076910972595215e-01
8.627799749374389648e-01
8.627702593803405762e-01
8.627836108207702637e-01
8.627893328666687012e-01
8.627721071243286133e-01
8.627766370773315430e-01
8.628177046775817871e-01
8.627833724021911621e-01
8.627830743789672852e-01
8.627868294715881348e-01
8.627208471298217773e-01
8.628005981445312500e-01
8.627713322639465332e-01
8.627343177795410156e-01
8.628028631210327148e-01
8.627339601516723633e-01
8.628123998641967773e-01
8.627771735191345215e-01
8.627503514289855957e-01
8.627735972404479980e-01
8.627814650535583496e-01
8.627906441688537598e-01
8.628182411193847656e-01
8.628093004226684570e-01
8.628239631652832031e-01
8.628289103507995605e-01
8.627464771270751953e-01
8.627690076828002930e-01
8.628215789794921875e-01
8.627386093139648438e-01
8.627865314483642578e-01
8.627948164939880371e-01
8.627895712852478027e-01
8.627510070800781250e-01
8.627849221229553223e-01
8.627480268478393555e-01
8.627774119377136230e-01
8.627769351005554199e-01
8.627918958663940430e-01
8.627847433090209961e-01
8.627827167510986328e-01
8.584507703781127930e-01
8.309252858161926270e-01
7.991952896118164062e-01
7.859551310539245605e-01
7.766137719154357910e-01
7.822299599647521973e-01
7.890959978103637695e-01
8.051450252532958984e-01
8.252949118614196777e-01
8.422695994377136230e-01
8.511714935302734375e-01
8.515324592590332031e-01
8.422200083732604980e-01
8.268650174140930176e-01
8.040781617164611816e-01
7.809134721755981445e-01
7.715359926223754883e-01
7.593578100204467773e-01
7.589332461357116699e-01
7.683491110801696777e-01
7.878939509391784668e-01
8.055718541145324707e-01
8.328804969787597656e-01
8.452271223068237305e-01
8.510188460350036621e-01
8.493022322654724121e-01
8.346719145774841309e-01
8.162196874618530273e-01
7.915205955505371094e-01
7.742763757705688477e-01
7.632682919502258301e-01
7.606139183044433594e-01
7.650669217109680176e-01
7.802004814147949219e-01
7.985421419143676758e-01
8.270165920257568359e-01
8.428595066070556641e-01
8.542515039443969727e-01
8.555316925048828125e-01
8.474776744842529297e-01
8.287684917449951172e-01
8.053628802299499512e-01
7.842167019844055176e-01
7.719921469688415527e-01
7.614136338233947754e-01
7.617104649543762207e-01
7.744768261909484863e-01
7.920575141906738281e-01
8.129966855049133301e-01
8.377661108970642090e-01
8.509986400604248047e-01
8.566008806228637695e-01
8.510581851005554199e-01
8.358890414237976074e-01
8.147685527801513672e-01
7.914608120918273926e-01
7.732109427452087402e-01
7.618049979209899902e-01
7.618651986122131348e-01
7.665247321128845215e-01
7.823770642280578613e-01
8.021087646484375000e-01
8.278972506523132324e-01
8.438570499420166016e-01
8.557585477828979492e-01
8.554238080978393555e-01
8.450101613998413086e-01
8.282910585403442383e-01
8.044207096099853516e-01
7.814205288887023926e-01
7.727488875389099121e-01
7.603199481964111328e-01
7.622972130775451660e-01
7.736516594886779785e-01
7.925804257392883301e-01
8.161050081253051758e-01
8.377268314361572266e-01
8.504233360290527344e-01
8.555563688278198242e-01
8.490173220634460449e-01
8.329744338989257812e-01
8.116294741630554199e-01
7.887092232704162598e-01
7.712437510490417480e-01
7.599678635597229004e-01
7.585890889167785645e-01
7.671977877616882324e-01
7.822847366333007812e-01
8.015840649604797363e-01
8.268362879753112793e-01
8.434174060821533203e-01
8.534491658210754395e-01
8.521385788917541504e-01
8.403269648551940918e-01
8.200107216835021973e-01
7.972272634506225586e-01
7.751270532608032227e-01
7.721143960952758789e-01
7.594943046569824219e-01
7.647392749786376953e-01
7.734417319297790527e-01
7.929479479789733887e-01
8.166661262512207031e-01
8.390575051307678223e-01
8.510016202926635742e-01
8.553192019462585449e-01
8.464612364768981934e-01
8.295421600341796875e-01
8.080738782882690430e-01
7.829290628433227539e-01
7.684822678565979004e-01
7.563922405242919922e-01
7.557529807090759277e-01
7.645576596260070801e-01
7.812697887420654297e-01
7.999452352523803711e-01
8.275666832923889160e-01
8.420871496200561523e-01
8.496910929679870605e-01
8.475961089134216309e-01
8.338819742202758789e-01
8.159797191619873047e-01
7.908369898796081543e-01
7.734640836715698242e-01
7.620074748992919922e-01
7.578735947608947754e-01
7.614328861236572266e-01
7.743036746978759766e-01
7.961871027946472168e-01
8.198559880256652832e-01
8.390969634056091309e-01
8.500888347625732422e-01
8.535460233688354492e-01
8.444092869758605957e-01
8.273670673370361328e-01
8.049313426017761230e-01
7.819117903709411621e-01
7.711410522460937500e-01
7.581425905227661133e-01
7.586319446563720703e-01
7.692908048629760742e-01
7.870702743530273438e-01
8.046221137046813965e-01
8.339340686798095703e-01
8.451541066169738770e-01
8.521485328674316406e-01
8.483055233955383301e-01
8.344717621803283691e-01
8.157762289047241211e-01
7.900896668434143066e-01
7.720737457275390625e-01
7.597134113311767578e-01
7.549682855606079102e-01
7.624102234840393066e-01
7.776876688003540039e-01
7.951539754867553711e-01
8.210904598236083984e-01
8.407977819442749023e-01
8.506004810333251953e-01
8.509542942047119141e-01
8.422836065292358398e-01
8.249751925468444824e-01
8.005957007408142090e-01
7.800120711326599121e-01
7.712857723236083984e-01
7.609484791755676270e-01
7.621440291404724121e-01
7.733255624771118164e-01
7.908702492713928223e-01
8.110489249229431152e-01
8.365456461906433105e-01
8.466728329658508301e-01
8.505322337150573730e-01
8.463200330734252930e-01
8.304978609085083008e-01
8.102160692214965820e-01
7.866427898406982422e-01
7.696043252944946289e-01
7.580890059471130371e-01
7.603529691696166992e-01
7.661448121070861816e-01
7.807102799415588379e-01
7.981657385826110840e-01
8.253260850906372070e-01
8.420997858047485352e-01
8.506438136100769043e-01
8.509891629219055176e-01
8.407231569290161133e-01
8.230171203613281250e-01
7.971994876861572266e-01
7.752762436866760254e-01
7.655740976333618164e-01
7.557336688041687012e-01
7.592129707336425781e-01
7.714361548423767090e-01
7.903066277503967285e-01
8.137199282646179199e-01
8.364247679710388184e-01
8.491751551628112793e-01
8.533033132553100586e-01
8.459200859069824219e-01
8.295713663101196289e-01
8.097795844078063965e-01
7.844336032867431641e-01
7.695541977882385254e-01
7.569596171379089355e-01
7.576306462287902832e-01
7.665691971778869629e-01
7.823752164840698242e-01
8.022919297218322754e-01
8.294911384582519531e-01
8.457438349723815918e-01
8.535109758377075195e-01
8.511790633201599121e-01
8.403266072273254395e-01
8.200404644012451172e-01
7.970662713050842285e-01
7.759177088737487793e-01
7.636865973472595215e-01
7.586775422096252441e-01
7.607355117797851562e-01
7.734985351562500000e-01
7.939441800117492676e-01
8.175576329231262207e-01
8.390963077545166016e-01
8.517711162567138672e-01
8.561276197433471680e-01
8.493363857269287109e-01
8.338521718978881836e-01
8.136429190635681152e-01
7.895898818969726562e-01
7.736140489578247070e-01
7.624716162681579590e-01
7.655536532402038574e-01
7.691181302070617676e-01
7.843722701072692871e-01
8.053579926490783691e-01
8.315721154212951660e-01
8.458238840103149414e-01
8.570358157157897949e-01
8.551815748214721680e-01
8.431181907653808594e-01
8.263679146766662598e-01
8.035495877265930176e-01
7.808635830879211426e-01
7.694041728973388672e-01
7.629197835922241211e-01
7.648544907569885254e-01
7.772625088691711426e-01
7.947595119476318359e-01
8.201605081558227539e-01
8.407396078109741211e-01
8.531467914581298828e-01
8.580178618431091309e-01
8.512103557586669922e-01
8.355589509010314941e-01
8.139160871505737305e-01
7.916290760040283203e-01
7.756745815277099609e-01
7.639989852905273438e-01
7.681044340133666992e-01
7.699044942855834961e-01
7.856353521347045898e-01
8.044620752334594727e-01
8.329560756683349609e-01
8.483980298042297363e-01
8.582102060317993164e-01
8.571321964263916016e-01
8.474492430686950684e-01
8.296251296997070312e-01
8.040487170219421387e-01
7.821941375732421875e-01
7.726481556892395020e-01
7.626258134841918945e-01
7.638114690780639648e-01
7.779601216316223145e-01
7.952955365180969238e-01
8.184249401092529297e-01
8.405507802963256836e-01
8.523559570312500000e-01
8.576709032058715820e-01
8.513350486755371094e-01
8.358580470085144043e-01
8.154057860374450684e-01
7.914393544197082520e-01
7.742676138877868652e-01
7.641026973724365234e-01
7.602828145027160645e-01
7.671063542366027832e-01
7.835960388183593750e-01
8.021681308746337891e-01
8.264244198799133301e-01
8.462953567504882812e-01
8.554554581642150879e-01
8.554865121841430664e-01
8.463276028633117676e-01
8.280545473098754883e-01
8.047932386398315430e-01
7.819968461990356445e-01
7.737998962402343750e-01
7.589893341064453125e-01
7.622660398483276367e-01
7.724754810333251953e-01
7.927780151367187500e-01
8.130204081535339355e-01
8.400902748107910156e-01
8.531084656715393066e-01
8.592931628227233887e-01
8.528286218643188477e-01
8.379724621772766113e-01
8.184307217597961426e-01
7.931196093559265137e-01
7.749401330947875977e-01
7.647659182548522949e-01
7.597128748893737793e-01
7.670432925224304199e-01
7.831317782402038574e-01
8.009903430938720703e-01
8.279657959938049316e-01
8.454401493072509766e-01
8.580365180969238281e-01
8.580055236816406250e-01
8.483974933624267578e-01
8.313847184181213379e-01
8.065531253814697266e-01
7.847240567207336426e-01
7.728191614151000977e-01
7.626730799674987793e-01
7.641461491584777832e-01
7.739301919937133789e-01
7.944774031639099121e-01
8.196794986724853516e-01
8.401433825492858887e-01
8.549054861068725586e-01
8.601497411727905273e-01
8.568022251129150391e-01
8.412619829177856445e-01
8.216478824615478516e-01
7.981167435646057129e-01
7.767025828361511230e-01
7.663761377334594727e-01
7.604622840881347656e-01
7.657862901687622070e-01
7.805964946746826172e-01
8.003829717636108398e-01
8.283012509346008301e-01
8.485597372055053711e-01
8.577185273170471191e-01
8.561828136444091797e-01
8.462374806404113770e-01
8.302935957908630371e-01
8.050397634506225586e-01
7.820673584938049316e-01
7.728416919708251953e-01
7.598325610160827637e-01
7.611396312713623047e-01
7.717525362968444824e-01
7.908239364624023438e-01
8.096098899841308594e-01
8.378056287765502930e-01
8.520273566246032715e-01
8.592664003372192383e-01
8.553282618522644043e-01
8.415453433990478516e-01
8.204314112663269043e-01
7.953045964241027832e-01
7.767800092697143555e-01
7.669861912727355957e-01
7.598546743392944336e-01
7.656871080398559570e-01
7.797676920890808105e-01
7.992480993270874023e-01
8.255317807197570801e-01
8.480027318000793457e-01
8.557767271995544434e-01
8.553120493888854980e-01
8.482534885406494141e-01
8.315543532371520996e-01
8.059209585189819336e-01
7.808891534805297852e-01
7.699196934700012207e-01
7.594496011734008789e-01
7.614545822143554688e-01
7.702775001525878906e-01
7.893457412719726562e-01
8.086766004562377930e-01
8.369824290275573730e-01
8.508816361427307129e-01
8.568432331085205078e-01
8.534337282180786133e-01
8.384494781494140625e-01
8.198026418685913086e-01
