3.913184165954589844e+00
3.913184165954589844e+00
3.913184165954589844e+00
3.913184165954589844e+00
3.913184165954589844e+00
3.913184165954589844e+00
3.913184165954589844e+00
3.913184165954589844e+00
3.913184165954589844e+00
3.913184165954589844e+00
3.913184165954589844e+00
3.913184165954589844e+00
3.913184165954589844e+00
3.913184165954589844e+00
3.913184165954589844e+00
3.913184165954589844e+00
3.913184165954589844e+00
3.913184165954589844e+00
3.913184165954589844e+00
3.913184165954589844e+00
3.913184165954589844e+00
3.913184165954589844e+00
3.913184165954589844e+00
3.913184165954589844e+00
3.913184165954589844e+00
3.913184165954589844e+00
3.913184165954589844e+00
3.913184165954589844e+00
3.913184165954589844e+00
3.913184165954589844e+00
3.913184165954589844e+00
3.913184165954589844e+00
3.913184165954589844e+00
3.913184165954589844e+00
3.913184165954589844e+00
3.913184165954589844e+00
3.913184165954589844e+00
3.913184165954589844e+00
3.913184165954589844e+00
3.913184165954589844e+00
3.913184165954589844e+00
3.913184165954589844e+00
3.913184165954589844e+00
3.913184165954589844e+00
3.913184165954589844e+00
3.913184165954589844e+00
3.913184165954589844e+00
3.913184165954589844e+00
3.913184165954589844e+00
3.913184165954589844e+00
3.913184165954589844e+00
3.913184165954589844e+00
3.913184165954589844e+00
3.913184165954589844e+00
3.913184165954589844e+00
3.913184165954589844e+00
3.913184165954589844e+00
3.913184165954589844e+00
3.913184165954589844e+00
3.913184165954589844e+00
3.913184165954589844e+00
3.913184165954589844e+00
6.006365776062011719e+00
5.987070083618164062e+00
5.963740825653076172e+00
5.939880371093750000e+00
5.916184902191162109e+00
5.893510818481445312e+00
5.869544029235839844e+00
5.844005107879638672e+00
5.820066928863525391e+00
5.793803215026855469e+00
5.766316413879394531e+00
5.739029407501220703e+00
5.709719657897949219e+00
5.673420429229736328e+00
5.646087646484375000e+00
5.617335319519042969e+00
5.590634822845458984e+00
5.517267704010009766e+00
5.439009189605712891e+00
5.400969982147216797e+00
5.362128734588623047e+00
5.322028636932373047e+00
5.294582843780517578e+00
5.348507404327392578e+00
5.318624496459960938e+00
5.318624496459960938e+00
5.318624496459960938e+00
5.318624496459960938e+00
5.318624496459960938e+00
5.318624496459960938e+00
5.318624496459960938e+00
5.318624496459960938e+00
5.318624496459960938e+00
