-1.010990977287292480e+00
-1.010990023612976074e+00
-1.010958433151245117e+00
-1.010949850082397461e+00
-1.010992050170898438e+00
-1.010946869850158691e+00
-1.011000752449035645e+00
-1.010988354682922363e+00
-1.010998725891113281e+00
-1.010984659194946289e+00
-1.010967373847961426e+00
-1.011000871658325195e+00
-1.011022806167602539e+00
-1.010970354080200195e+00
-1.010985732078552246e+00
-1.010995149612426758e+00
-1.010964393615722656e+00
-1.010988116264343262e+00
-1.010994195938110352e+00
-1.010961890220642090e+00
-1.010969161987304688e+00
-1.010982394218444824e+00
-1.011022090911865234e+00
-1.010970592498779297e+00
-1.010989308357238770e+00
-1.011041760444641113e+00
-1.010995030403137207e+00
-1.010983467102050781e+00
-1.010973930358886719e+00
-1.011001110076904297e+00
-1.011000633239746094e+00
-1.010976076126098633e+00
-1.011017084121704102e+00
-1.010962009429931641e+00
-1.010964155197143555e+00
-1.010979533195495605e+00
-1.010965585708618164e+00
-1.010990262031555176e+00
-1.010974764823913574e+00
-1.010963082313537598e+00
-1.010947465896606445e+00
-1.010980010032653809e+00
-1.010976552963256836e+00
-1.010999917984008789e+00
-1.010967016220092773e+00
-1.010961532592773438e+00
-1.010990023612976074e+00
-1.010985016822814941e+00
-1.011159062385559082e+00
-1.010964155197143555e+00
-1.010962486267089844e+00
-1.010958313941955566e+00
-1.010961532592773438e+00
-1.010991573333740234e+00
-1.010965824127197266e+00
-1.010936021804809570e+00
-1.010938525199890137e+00
-1.010937929153442383e+00
-1.010969161987304688e+00
-1.010989308357238770e+00
-1.010949254035949707e+00
-1.010964989662170410e+00
-1.010983586311340332e+00
-1.011004090309143066e+00
-1.010993719100952148e+00
-1.010963320732116699e+00
-1.010971665382385254e+00
-1.010934233665466309e+00
-1.010971426963806152e+00
-1.011005163192749023e+00
-1.010976791381835938e+00
-1.010961651802062988e+00
-1.011029839515686035e+00
-1.010995268821716309e+00
-1.010953187942504883e+00
-1.010987758636474609e+00
-1.011007666587829590e+00
-1.010968089103698730e+00
-1.010988473892211914e+00
-1.010988712310791016e+00
-1.010982990264892578e+00
-1.010989904403686523e+00
-1.011007785797119141e+00
-1.010991692543029785e+00
-1.010960698127746582e+00
-1.010983228683471680e+00
-1.010969281196594238e+00
-1.010944247245788574e+00
-1.010960936546325684e+00
-1.010968089103698730e+00
-1.010949969291687012e+00
-1.010946869850158691e+00
-1.010913014411926270e+00
-1.010968565940856934e+00
-1.010963916778564453e+00
-1.010980725288391113e+00
-1.010959625244140625e+00
-1.010936379432678223e+00
-1.010968327522277832e+00
-1.010943293571472168e+00
-1.010972142219543457e+00
-1.010963678359985352e+00
-1.010964632034301758e+00
-1.010959267616271973e+00
-1.010957598686218262e+00
-1.010999321937561035e+00
-1.010984539985656738e+00
-1.010982871055603027e+00
-1.010994434356689453e+00
-1.010975718498229980e+00
-1.010966777801513672e+00
-1.010941147804260254e+00
-1.010975360870361328e+00
-1.010988473892211914e+00
-1.010969281196594238e+00
-1.010975718498229980e+00
-1.010935068130493164e+00
-1.011014699935913086e+00
-1.011011123657226562e+00
-1.010986447334289551e+00
-1.010977268218994141e+00
-1.010968327522277832e+00
-1.010952830314636230e+00
-1.010947227478027344e+00
-1.010988831520080566e+00
-1.010950446128845215e+00
-1.010961890220642090e+00
-1.010957002639770508e+00
-1.010913610458374023e+00
-1.010977983474731445e+00
-1.010986566543579102e+00
-1.010991454124450684e+00
-1.010966062545776367e+00
-1.010935783386230469e+00
-1.010947465896606445e+00
-1.010944008827209473e+00
-1.010951638221740723e+00
-1.010941505432128906e+00
-1.010950207710266113e+00
-1.010947465896606445e+00
-1.010998487472534180e+00
-1.010949492454528809e+00
-1.010980486869812012e+00
-1.010963678359985352e+00
-1.010966062545776367e+00
-1.010942816734313965e+00
-1.010939359664916992e+00
-1.010983705520629883e+00
-1.011019587516784668e+00
-1.010957717895507812e+00
-1.010935664176940918e+00
-1.010926127433776855e+00
-1.010951042175292969e+00
-1.010948181152343750e+00
-1.010961055755615234e+00
-1.010979294776916504e+00
-1.010988593101501465e+00
-1.010952591896057129e+00
-1.010971903800964355e+00
-1.010966181755065918e+00
-1.010935664176940918e+00
-1.010969638824462891e+00
-1.010948061943054199e+00
-1.010969519615173340e+00
-1.010973453521728516e+00
-1.010946035385131836e+00
-1.010958313941955566e+00
-1.010958790779113770e+00
-1.010967373847961426e+00
-1.010951161384582520e+00
-1.010954737663269043e+00
-1.010963320732116699e+00
-1.010965347290039062e+00
-1.010973453521728516e+00
-1.011009931564331055e+00
-1.010957479476928711e+00
-1.010972499847412109e+00
-1.010961651802062988e+00
-1.010990858078002930e+00
-1.010969758033752441e+00
-1.010943770408630371e+00
-1.010981678962707520e+00
-1.011004328727722168e+00
-1.010976076126098633e+00
-1.011072993278503418e+00
-1.010969996452331543e+00
-1.010997772216796875e+00
-1.010961890220642090e+00
-1.010969400405883789e+00
-1.010974764823913574e+00
-1.010946989059448242e+00
-1.010962009429931641e+00
-1.010961055755615234e+00
-1.010972380638122559e+00
-1.010953426361083984e+00
-1.010971665382385254e+00
-1.010978341102600098e+00
-1.010966658592224121e+00
-1.010978937149047852e+00
-1.010985374450683594e+00
-1.010966539382934570e+00
-1.010949850082397461e+00
-1.010956645011901855e+00
-1.011138200759887695e+00
-1.010986208915710449e+00
-1.010981202125549316e+00
-1.010959148406982422e+00
-1.010938763618469238e+00
-1.010956287384033203e+00
-1.011020183563232422e+00
-1.011158347129821777e+00
-1.010974407196044922e+00
-1.010969758033752441e+00
-1.010946989059448242e+00
-1.011002182960510254e+00
-1.010999560356140137e+00
-1.010967016220092773e+00
-1.010953545570373535e+00
-1.010994434356689453e+00
-1.010979533195495605e+00
-1.010998249053955078e+00
-1.010964512825012207e+00
-1.010965704917907715e+00
-1.010957241058349609e+00
-1.010990738868713379e+00
-1.010964632034301758e+00
-1.010975599288940430e+00
-1.010933756828308105e+00
-1.010944128036499023e+00
-1.010942459106445312e+00
-1.010977983474731445e+00
-1.011004686355590820e+00
-1.010952115058898926e+00
-1.010984063148498535e+00
-1.010982513427734375e+00
-1.010970950126647949e+00
-1.010959863662719727e+00
-1.010975241661071777e+00
-1.010975599288940430e+00
-1.010969996452331543e+00
-1.010944008827209473e+00
-1.010976433753967285e+00
-1.010952115058898926e+00
-1.010982394218444824e+00
-1.010959744453430176e+00
-1.010964632034301758e+00
-1.010936498641967773e+00
-1.010961174964904785e+00
-1.010975599288940430e+00
-1.010976672172546387e+00
-1.010983347892761230e+00
-1.010950922966003418e+00
-1.010964393615722656e+00
-1.010921835899353027e+00
-1.010966777801513672e+00
-1.010977625846862793e+00
-1.010940551757812500e+00
-1.010955929756164551e+00
-1.010932207107543945e+00
-1.010933756828308105e+00
-1.010954022407531738e+00
-1.010946154594421387e+00
-1.010986804962158203e+00
-1.010980606079101562e+00
-1.010964393615722656e+00
-1.010984182357788086e+00
-1.010936260223388672e+00
-1.010983109474182129e+00
-1.011019110679626465e+00
-1.010970115661621094e+00
-1.010982751846313477e+00
-1.010950565338134766e+00
-1.010977149009704590e+00
-1.010980367660522461e+00
-1.010933399200439453e+00
-1.010946512222290039e+00
-1.010942816734313965e+00
-1.010962605476379395e+00
-1.010970830917358398e+00
-1.010976195335388184e+00
-1.011005878448486328e+00
-1.010954737663269043e+00
-1.010931849479675293e+00
-1.010951519012451172e+00
-1.010961532592773438e+00
-1.010969161987304688e+00
-1.011005997657775879e+00
-1.010967135429382324e+00
-1.010947585105895996e+00
-1.010971307754516602e+00
-1.010979890823364258e+00
-1.011000394821166992e+00
-1.010945796966552734e+00
-1.010973930358886719e+00
-1.011010766029357910e+00
-1.010999917984008789e+00
-1.010948777198791504e+00
-1.010979294776916504e+00
-1.011085271835327148e+00
-1.010952711105346680e+00
-1.010923504829406738e+00
-1.010963797569274902e+00
-1.011023640632629395e+00
-1.010940074920654297e+00
-1.010931253433227539e+00
-1.010964393615722656e+00
-1.010991692543029785e+00
-1.010999202728271484e+00
-1.010960698127746582e+00
-1.011015057563781738e+00
-1.011002898216247559e+00
-1.010961651802062988e+00
-1.010977149009704590e+00
-1.010970473289489746e+00
-1.010963916778564453e+00
-1.010971307754516602e+00
-1.010979890823364258e+00
-1.011029362678527832e+00
-1.010929703712463379e+00
-1.010931968688964844e+00
-1.010998606681823730e+00
-1.011008858680725098e+00
-1.010967850685119629e+00
-1.010990142822265625e+00
-1.010981678962707520e+00
-1.011000752449035645e+00
-1.011007547378540039e+00
-1.010991215705871582e+00
-1.011024355888366699e+00
-1.010972023010253906e+00
-1.010926246643066406e+00
-1.010985732078552246e+00
-1.011014938354492188e+00
-1.011024713516235352e+00
-1.010970950126647949e+00
-1.010949850082397461e+00
-1.011030435562133789e+00
-1.011050343513488770e+00
-1.011036753654479980e+00
-1.011027455329895020e+00
-1.010980486869812012e+00
-1.010970711708068848e+00
-1.010985732078552246e+00
-1.011025905609130859e+00
-1.010946631431579590e+00
-1.011000275611877441e+00
-1.010945796966552734e+00
-1.010977387428283691e+00
-1.010949611663818359e+00
-1.010951399803161621e+00
-1.010991930961608887e+00
-1.010992765426635742e+00
-1.011010766029357910e+00
-1.010998845100402832e+00
-1.010992407798767090e+00
-1.011008024215698242e+00
-1.011006951332092285e+00
-1.011149406433105469e+00
-1.010984063148498535e+00
-1.010970592498779297e+00
-1.011076092720031738e+00
-1.010916113853454590e+00
-1.010988831520080566e+00
-1.010996699333190918e+00
-1.010979652404785156e+00
-1.010971188545227051e+00
-1.010917782783508301e+00
-1.010949850082397461e+00
-1.010985493659973145e+00
-1.011322259902954102e+00
-1.011004924774169922e+00
-1.010951399803161621e+00
-1.011010169982910156e+00
-1.010920405387878418e+00
-1.010938405990600586e+00
-1.011004447937011719e+00
-1.010998606681823730e+00
-1.010935664176940918e+00
-1.010981678962707520e+00
-1.011017322540283203e+00
-1.011025309562683105e+00
-1.010984301567077637e+00
-1.010987401008605957e+00
-1.011002302169799805e+00
-1.010965228080749512e+00
-1.010994076728820801e+00
-1.011028885841369629e+00
-1.011007547378540039e+00
-1.010961771011352539e+00
-1.010961771011352539e+00
-1.011187434196472168e+00
-1.010993242263793945e+00
-1.011016845703125000e+00
-1.010961174964904785e+00
-1.010989546775817871e+00
-1.010983705520629883e+00
-1.010994553565979004e+00
-1.010948657989501953e+00
-1.010978341102600098e+00
-1.010972499847412109e+00
-1.010965108871459961e+00
-1.010929346084594727e+00
-1.010957121849060059e+00
-1.010970830917358398e+00
-1.010988831520080566e+00
-1.010946512222290039e+00
-1.010920763015747070e+00
-1.010996937751770020e+00
-1.010957956314086914e+00
-1.010962605476379395e+00
-1.011003017425537109e+00
-1.010980963706970215e+00
-1.010943293571472168e+00
-1.010949969291687012e+00
-1.010988712310791016e+00
-1.010994434356689453e+00
-1.010940432548522949e+00
-1.011098623275756836e+00
-1.010952711105346680e+00
-1.010921001434326172e+00
-1.010978341102600098e+00
-1.010974407196044922e+00
-1.010934948921203613e+00
-1.010941386222839355e+00
-1.010916233062744141e+00
-1.011009812355041504e+00
-1.011090159416198730e+00
-1.010945677757263184e+00
-1.010978937149047852e+00
-1.010968208312988281e+00
-1.011106014251708984e+00
-1.011101603507995605e+00
-1.010990381240844727e+00
-1.010991811752319336e+00
-1.010980844497680664e+00
-1.010975003242492676e+00
-1.010980129241943359e+00
-1.010994315147399902e+00
-1.010989904403686523e+00
-1.010955095291137695e+00
-1.010967135429382324e+00
-1.010975360870361328e+00
-1.010967850685119629e+00
-1.010951280593872070e+00
-1.010964751243591309e+00
-1.010961771011352539e+00
-1.010990262031555176e+00
-1.010973095893859863e+00
-1.010956883430480957e+00
-1.010988473892211914e+00
-1.010970473289489746e+00
-1.010968089103698730e+00
-1.010988950729370117e+00
-1.010996341705322266e+00
-1.010973811149597168e+00
-1.010920286178588867e+00
-1.010978579521179199e+00
-1.010962605476379395e+00
-1.010966420173645020e+00
-1.010987639427185059e+00
-1.010941743850708008e+00
-1.010960936546325684e+00
-1.010935783386230469e+00
-1.010956764221191406e+00
-1.010952949523925781e+00
-1.010960698127746582e+00
-1.010914683341979980e+00
-1.010955095291137695e+00
-1.010957717895507812e+00
-1.010944843292236328e+00
-1.010963678359985352e+00
-1.010975718498229980e+00
-1.010965228080749512e+00
-1.010955572128295898e+00
-1.010957241058349609e+00
-1.011132597923278809e+00
-1.010962009429931641e+00
-1.010923743247985840e+00
-1.010964274406433105e+00
-1.010968089103698730e+00
-1.011009216308593750e+00
-1.010942578315734863e+00
-1.010957360267639160e+00
-1.010956883430480957e+00
-1.010973572731018066e+00
-1.010993719100952148e+00
-1.010989189147949219e+00
-1.010955333709716797e+00
-1.010987043380737305e+00
-1.010920763015747070e+00
-1.011016249656677246e+00
-1.011015176773071289e+00
-1.010937809944152832e+00
-1.010954737663269043e+00
-1.011103630065917969e+00
-1.010975837707519531e+00
-1.010995388031005859e+00
-1.011087775230407715e+00
-1.010975718498229980e+00
-1.010957002639770508e+00
-1.010937690734863281e+00
-1.010969161987304688e+00
-1.010962247848510742e+00
-1.010976552963256836e+00
-1.011111259460449219e+00
-1.010952234268188477e+00
-1.010946273803710938e+00
-1.010987758636474609e+00
-1.010987401008605957e+00
-1.010969758033752441e+00
-1.010970830917358398e+00
-1.010961532592773438e+00
-1.011158347129821777e+00
-1.010940909385681152e+00
-1.010990858078002930e+00
-1.011014461517333984e+00
-1.010970830917358398e+00
-1.010950565338134766e+00
-1.010944843292236328e+00
-1.010987281799316406e+00
-1.010952353477478027e+00
-1.010964989662170410e+00
-1.010966062545776367e+00
-1.010958194732666016e+00
-1.010921001434326172e+00
-1.011004328727722168e+00
-1.010982871055603027e+00
-1.011000275611877441e+00
-1.010971307754516602e+00
-1.010948657989501953e+00
-1.011006236076354980e+00
-1.010974049568176270e+00
-1.010938644409179688e+00
-1.011094927787780762e+00
-1.010957241058349609e+00
-1.010955095291137695e+00
-1.010985732078552246e+00
-1.010992169380187988e+00
-1.011140465736389160e+00
-1.010939359664916992e+00
-1.011159300804138184e+00
-1.010985851287841797e+00
-1.011008024215698242e+00
-1.010971903800964355e+00
-1.010918021202087402e+00
-1.010969519615173340e+00
-1.010949611663818359e+00
-1.010953426361083984e+00
-1.010981202125549316e+00
-1.010962128639221191e+00
-1.010940194129943848e+00
-1.010958909988403320e+00
-1.010974764823913574e+00
-1.010959029197692871e+00
-1.010995268821716309e+00
-1.010973334312438965e+00
-1.011033892631530762e+00
-1.010959506034851074e+00
-1.011082530021667480e+00
-1.010970354080200195e+00
-1.010991454124450684e+00
-1.010967373847961426e+00
-1.010948300361633301e+00
-1.010962605476379395e+00
-1.010921835899353027e+00
-1.010957717895507812e+00
-1.010980963706970215e+00
-1.010976910591125488e+00
-1.010968446731567383e+00
-1.010974049568176270e+00
-1.010994434356689453e+00
-1.011011004447937012e+00
-1.011016607284545898e+00
-1.010931015014648438e+00
-1.010989665985107422e+00
-1.011007785797119141e+00
-1.011046767234802246e+00
-1.010977745056152344e+00
-1.010974049568176270e+00
-1.010929107666015625e+00
-1.010891437530517578e+00
-1.010989546775817871e+00
-1.011007547378540039e+00
-1.010991573333740234e+00
-1.010919809341430664e+00
-1.010923504829406738e+00
-1.010985255241394043e+00
-1.010976195335388184e+00
-1.010998964309692383e+00
-1.010944128036499023e+00
-1.010957360267639160e+00
-1.010990977287292480e+00
-1.010970234870910645e+00
-1.010988235473632812e+00
-1.010959029197692871e+00
-1.010929703712463379e+00
-1.010897636413574219e+00
-1.010944962501525879e+00
-1.011003494262695312e+00
-1.010976791381835938e+00
-1.010991096496582031e+00
-1.010939478874206543e+00
-1.010890364646911621e+00
-1.010972261428833008e+00
-1.010996580123901367e+00
-1.011009573936462402e+00
-1.010996699333190918e+00
-1.010926365852355957e+00
-1.010911583900451660e+00
-1.010967373847961426e+00
-1.010982513427734375e+00
-1.011077880859375000e+00
-1.010965824127197266e+00
-1.010938763618469238e+00
-1.010981559753417969e+00
-1.010958075523376465e+00
-1.010976672172546387e+00
-1.010936856269836426e+00
-1.010981082916259766e+00
-1.010994195938110352e+00
-1.010995388031005859e+00
-1.011010289192199707e+00
-1.010963559150695801e+00
-1.011014461517333984e+00
-1.010954380035400391e+00
-1.010984778404235840e+00
-1.011027693748474121e+00
-1.010973095893859863e+00
-1.010961294174194336e+00
-1.011065125465393066e+00
-1.010924220085144043e+00
-1.010996460914611816e+00
-1.010954856872558594e+00
-1.010972261428833008e+00
-1.010943770408630371e+00
-1.010964155197143555e+00
-1.010982275009155273e+00
-1.011103034019470215e+00
-1.010972380638122559e+00
-1.010970473289489746e+00
-1.010937452316284180e+00
-1.010972142219543457e+00
-1.010933756828308105e+00
-1.010945081710815430e+00
-1.010938048362731934e+00
-1.010919451713562012e+00
-1.010950207710266113e+00
-1.010972261428833008e+00
-1.010956048965454102e+00
-1.010986685752868652e+00
-1.010942935943603516e+00
-1.010950922966003418e+00
-1.010973691940307617e+00
-1.010984063148498535e+00
-1.010959267616271973e+00
-1.011136412620544434e+00
-1.010925054550170898e+00
-1.010947227478027344e+00
-1.010964751243591309e+00
-1.010993838310241699e+00
-1.010952949523925781e+00
-1.010921716690063477e+00
-1.011064052581787109e+00
-1.010983228683471680e+00
-1.010974764823913574e+00
-1.010961413383483887e+00
-1.010957479476928711e+00
-1.011075019836425781e+00
-1.010911822319030762e+00
-1.010967016220092773e+00
-1.010989546775817871e+00
-1.010954737663269043e+00
-1.010961771011352539e+00
-1.010958552360534668e+00
-1.010971546173095703e+00
-1.010956287384033203e+00
-1.010928869247436523e+00
-1.010952949523925781e+00
-1.010935664176940918e+00
-1.010947465896606445e+00
-1.010985493659973145e+00
-1.010995388031005859e+00
-1.010979771614074707e+00
-1.010957241058349609e+00
-1.011123418807983398e+00
-1.010961771011352539e+00
-1.010966062545776367e+00
-1.011073231697082520e+00
-1.010935783386230469e+00
-1.010993123054504395e+00
-1.010985732078552246e+00
-1.011008143424987793e+00
-1.010978341102600098e+00
-1.010981321334838867e+00
-1.010953664779663086e+00
-1.010958313941955566e+00
-1.011010646820068359e+00
-1.011005640029907227e+00
-1.010976433753967285e+00
-1.010965943336486816e+00
-1.010979056358337402e+00
-1.010980367660522461e+00
-1.010944008827209473e+00
-1.010933876037597656e+00
-1.010970234870910645e+00
-1.010953426361083984e+00
-1.010990023612976074e+00
-1.011013507843017578e+00
-1.010941624641418457e+00
-1.010951519012451172e+00
-1.010992527008056641e+00
-1.011000037193298340e+00
-1.010990381240844727e+00
-1.010985255241394043e+00
-1.010922551155090332e+00
-1.010946154594421387e+00
-1.010965466499328613e+00
-1.010976314544677734e+00
-1.010982513427734375e+00
-1.010986208915710449e+00
-1.010948181152343750e+00
-1.011004686355590820e+00
-1.010953903198242188e+00
-1.010978937149047852e+00
-1.011135220527648926e+00
-1.010974049568176270e+00
-1.010942220687866211e+00
-1.010944724082946777e+00
-1.011146426200866699e+00
-1.010949969291687012e+00
-1.010957360267639160e+00
-1.010972380638122559e+00
-1.010975837707519531e+00
-1.010931372642517090e+00
-1.011111021041870117e+00
-1.010969758033752441e+00
-1.010974407196044922e+00
-1.010960817337036133e+00
-1.010957360267639160e+00
-1.010975122451782227e+00
-1.010925650596618652e+00
-1.010954499244689941e+00
-1.010990738868713379e+00
-1.010944366455078125e+00
-1.010962486267089844e+00
-1.010988831520080566e+00
-1.011006236076354980e+00
-1.010927438735961914e+00
-1.010935783386230469e+00
-1.010990142822265625e+00
-1.011012315750122070e+00
-1.010960698127746582e+00
-1.010972380638122559e+00
-1.010982751846313477e+00
-1.010985016822814941e+00
-1.010989785194396973e+00
-1.010952115058898926e+00
-1.011015057563781738e+00
-1.011078000068664551e+00
-1.010959744453430176e+00
-1.010921716690063477e+00
-1.010962009429931641e+00
-1.011024832725524902e+00
-1.010994553565979004e+00
-1.010943531990051270e+00
-1.010999321937561035e+00
-1.010975122451782227e+00
-1.010961413383483887e+00
-1.010947108268737793e+00
-1.010980367660522461e+00
-1.011002898216247559e+00
-1.010955810546875000e+00
-1.010964274406433105e+00
-1.010986089706420898e+00
-1.010951757431030273e+00
-1.010953903198242188e+00
-1.011104226112365723e+00
-1.010908365249633789e+00
-1.010952711105346680e+00
-1.010933995246887207e+00
-1.010995030403137207e+00
-1.010984778404235840e+00
-1.010985493659973145e+00
-1.010990977287292480e+00
-1.010936379432678223e+00
-1.010926604270935059e+00
-1.010995149612426758e+00
-1.010985374450683594e+00
-1.010975956916809082e+00
-1.010927438735961914e+00
-1.011001586914062500e+00
-1.011119484901428223e+00
-1.010950803756713867e+00
-1.010965824127197266e+00
-1.010938525199890137e+00
-1.010975122451782227e+00
-1.010971665382385254e+00
-1.010983943939208984e+00
-1.010954737663269043e+00
-1.010981082916259766e+00
-1.010916471481323242e+00
-1.010958671569824219e+00
-1.010985136032104492e+00
-1.011025190353393555e+00
-1.010988473892211914e+00
-1.010974526405334473e+00
-1.010983824729919434e+00
-1.010957598686218262e+00
-1.010976552963256836e+00
-1.011018872261047363e+00
-1.010980367660522461e+00
-1.010972619056701660e+00
-1.010917425155639648e+00
-1.010957717895507812e+00
-1.011011242866516113e+00
-1.010997414588928223e+00
-1.010969400405883789e+00
-1.010924696922302246e+00
-1.010958552360534668e+00
-1.011001706123352051e+00
-1.011025428771972656e+00
-1.010948896408081055e+00
-1.010933518409729004e+00
-1.010976910591125488e+00
-1.010954737663269043e+00
-1.010963916778564453e+00
-1.010943651199340820e+00
-1.010955095291137695e+00
-1.010955214500427246e+00
-1.010948538780212402e+00
-1.010941863059997559e+00
-1.010972499847412109e+00
-1.011062145233154297e+00
-1.010899186134338379e+00
-1.010976552963256836e+00
-1.010967850685119629e+00
-1.010931968688964844e+00
-1.010945439338684082e+00
-1.010963559150695801e+00
-1.010928273200988770e+00
-1.010999917984008789e+00
-1.010947942733764648e+00
-1.011109352111816406e+00
-1.010957479476928711e+00
-1.010907173156738281e+00
-1.010951399803161621e+00
-1.010990977287292480e+00
-1.010933041572570801e+00
-1.010930299758911133e+00
-1.010943770408630371e+00
-1.010952830314636230e+00
-1.010989069938659668e+00
-1.010944366455078125e+00
-1.010912895202636719e+00
-1.010967016220092773e+00
-1.010968208312988281e+00
-1.010964870452880859e+00
-1.010965347290039062e+00
-1.010942935943603516e+00
-1.010944366455078125e+00
-1.010961532592773438e+00
-1.010986208915710449e+00
-1.011013031005859375e+00
-1.011023163795471191e+00
-1.010964870452880859e+00
-1.011166095733642578e+00
-1.010948657989501953e+00
-1.010960817337036133e+00
-1.010993361473083496e+00
-1.010936856269836426e+00
-1.010943174362182617e+00
-1.010960102081298828e+00
-1.010947108268737793e+00
-1.011150002479553223e+00
-1.010996222496032715e+00
-1.010967254638671875e+00
-1.010957598686218262e+00
-1.010955095291137695e+00
-1.010975599288940430e+00
-1.010987639427185059e+00
-1.010969161987304688e+00
-1.010977745056152344e+00
-1.010956764221191406e+00
-1.010994672775268555e+00
-1.010999917984008789e+00
-1.010979413986206055e+00
-1.010974287986755371e+00
-1.010946154594421387e+00
-1.010980010032653809e+00
-1.011014938354492188e+00
-1.010972857475280762e+00
-1.010954499244689941e+00
-1.010959625244140625e+00
-1.010955095291137695e+00
-1.011109590530395508e+00
-1.010997295379638672e+00
-1.010982632637023926e+00
-1.010954976081848145e+00
-1.010998964309692383e+00
-1.010975122451782227e+00
-1.010941147804260254e+00
-1.010965466499328613e+00
-1.010967731475830078e+00
-1.010947465896606445e+00
-1.010979175567626953e+00
-1.010954499244689941e+00
-1.010980129241943359e+00
-1.010968804359436035e+00
-1.010945439338684082e+00
-1.010950565338134766e+00
-1.010979294776916504e+00
-1.010987997055053711e+00
-1.010996103286743164e+00
-1.010946631431579590e+00
-1.010995149612426758e+00
-1.010974287986755371e+00
-1.010935664176940918e+00
-1.010987043380737305e+00
-1.010968446731567383e+00
-1.011008739471435547e+00
-1.011162161827087402e+00
-1.010923981666564941e+00
-1.010985136032104492e+00
-1.010969042778015137e+00
-1.010922789573669434e+00
-1.010969638824462891e+00
-1.011017441749572754e+00
-1.010982036590576172e+00
-1.010965824127197266e+00
-1.010967850685119629e+00
-1.010981559753417969e+00
-1.010974526405334473e+00
-1.010979413986206055e+00
-1.011111497879028320e+00
-1.010929107666015625e+00
-1.010939955711364746e+00
-1.010969996452331543e+00
-1.010985732078552246e+00
-1.010964989662170410e+00
-1.010962367057800293e+00
-1.010939121246337891e+00
-1.010953068733215332e+00
-1.010993480682373047e+00
-1.011151075363159180e+00
-1.010918140411376953e+00
-1.010891199111938477e+00
-1.010959744453430176e+00
-1.010990142822265625e+00
-1.010975003242492676e+00
-1.010915398597717285e+00
-1.010946512222290039e+00
-1.010994672775268555e+00
-1.010945558547973633e+00
-1.010981559753417969e+00
-1.010990023612976074e+00
-1.010980844497680664e+00
-1.010902166366577148e+00
-1.010944724082946777e+00
-1.011011481285095215e+00
-1.010938763618469238e+00
-1.010952949523925781e+00
-1.010931134223937988e+00
-1.010983228683471680e+00
-1.010952234268188477e+00
-1.010955095291137695e+00
-1.010952830314636230e+00
-1.011011242866516113e+00
-1.010957121849060059e+00
-1.010958433151245117e+00
-1.011016726493835449e+00
-1.010967373847961426e+00
-1.010929822921752930e+00
-1.010977268218994141e+00
-1.011027693748474121e+00
-1.010968208312988281e+00
-1.010934710502624512e+00
-1.011137247085571289e+00
-1.010999679565429688e+00
-1.010978221893310547e+00
-1.010976672172546387e+00
-1.010994672775268555e+00
-1.011084556579589844e+00
-1.010931611061096191e+00
-1.011162877082824707e+00
-1.010997891426086426e+00
-1.010933399200439453e+00
-1.011278271675109863e+00
-1.011637330055236816e+00
-1.010974645614624023e+00
-1.010958194732666016e+00
-1.011031270027160645e+00
-1.011114597320556641e+00
-1.010933876037597656e+00
-1.011002659797668457e+00
-1.011260271072387695e+00
-1.010919213294982910e+00
-1.011011600494384766e+00
-1.011595964431762695e+00
-1.010931730270385742e+00
-1.010983109474182129e+00
-1.010960340499877930e+00
-1.010991454124450684e+00
-1.011012673377990723e+00
-1.010907649993896484e+00
-1.010902404785156250e+00
-1.011000990867614746e+00
-1.011025428771972656e+00
-1.011005520820617676e+00
-1.010921955108642578e+00
-1.010958313941955566e+00
-1.011063575744628906e+00
-1.011010885238647461e+00
-1.011002421379089355e+00
-1.010964870452880859e+00
-1.010944008827209473e+00
-1.010912537574768066e+00
-1.010956168174743652e+00
-1.011011600494384766e+00
-1.010969400405883789e+00
-1.010967731475830078e+00
-1.010950446128845215e+00
-1.010942101478576660e+00
-1.011138081550598145e+00
-1.010997891426086426e+00
-1.010993480682373047e+00
-1.010955333709716797e+00
-1.010927915573120117e+00
-1.010929703712463379e+00
-1.010999560356140137e+00
-1.011012792587280273e+00
-1.010979652404785156e+00
-1.010942816734313965e+00
-1.010912179946899414e+00
-1.011129260063171387e+00
-1.010965347290039062e+00
-1.011036038398742676e+00
-1.010925054550170898e+00
-1.010939598083496094e+00
-1.011122941970825195e+00
-1.010935664176940918e+00
-1.010977506637573242e+00
-1.010998845100402832e+00
-1.010934948921203613e+00
-1.010931134223937988e+00
-1.010983943939208984e+00
-1.010946035385131836e+00
-1.011157393455505371e+00
-1.010989308357238770e+00
-1.010951638221740723e+00
-1.010961294174194336e+00
-1.010954380035400391e+00
-1.011137604713439941e+00
-1.011004447937011719e+00
-1.010946273803710938e+00
-1.011540293693542480e+00
-1.010914444923400879e+00
-1.010978698730468750e+00
-1.010985493659973145e+00
-1.010994791984558105e+00
-1.011096477508544922e+00
-1.010898470878601074e+00
-1.010928630828857422e+00
-1.010986566543579102e+00
-1.010978817939758301e+00
-1.011010646820068359e+00
-1.010905742645263672e+00
-1.011015892028808594e+00
-1.010941028594970703e+00
-1.010977387428283691e+00
-1.011164307594299316e+00
-1.010943412780761719e+00
-1.010967731475830078e+00
-1.010920882225036621e+00
-1.010944843292236328e+00
-1.010967731475830078e+00
-1.010924100875854492e+00
-1.010935544967651367e+00
-1.010953426361083984e+00
-1.010886669158935547e+00
-1.010966300964355469e+00
-1.010979413986206055e+00
-1.010970592498779297e+00
-1.010959386825561523e+00
-1.010900020599365234e+00
-1.010969638824462891e+00
-1.011006116867065430e+00
-1.010990142822265625e+00
-1.010961532592773438e+00
-1.010965466499328613e+00
-1.010974884033203125e+00
-1.010976195335388184e+00
-1.011002421379089355e+00
-1.011019825935363770e+00
-1.010977506637573242e+00
-1.010983467102050781e+00
-1.010967493057250977e+00
-1.010948777198791504e+00
-1.010983109474182129e+00
-1.010945558547973633e+00
-1.010960221290588379e+00
-1.010938763618469238e+00
-1.010973453521728516e+00
-1.010944008827209473e+00
-1.010972023010253906e+00
-1.010995149612426758e+00
-1.010967850685119629e+00
-1.010957479476928711e+00
-1.010954856872558594e+00
-1.010987639427185059e+00
-1.011017560958862305e+00
-1.010974645614624023e+00
-1.010969758033752441e+00
-1.010958313941955566e+00
-1.010950326919555664e+00
-1.010980963706970215e+00
-1.010980844497680664e+00
-1.010994195938110352e+00
-1.010959982872009277e+00
-1.010938286781311035e+00
-1.010981321334838867e+00
-1.011001467704772949e+00
-1.010995984077453613e+00
-1.010957956314086914e+00
-1.010968804359436035e+00
-1.010969042778015137e+00
-1.010958194732666016e+00
-1.011011123657226562e+00
-1.011010766029357910e+00
-1.010941863059997559e+00
-1.010947704315185547e+00
-1.010956287384033203e+00
-1.010944485664367676e+00
-1.011010766029357910e+00
-1.010974526405334473e+00
-1.011003613471984863e+00
-1.010941863059997559e+00
-1.010977149009704590e+00
-1.010979652404785156e+00
-1.010974764823913574e+00
-1.011027216911315918e+00
-1.010959982872009277e+00
-1.010962128639221191e+00
-1.010995745658874512e+00
-1.011011719703674316e+00
-1.011002779006958008e+00
-1.010958075523376465e+00
-1.010978102684020996e+00
-1.011021614074707031e+00
-1.010974526405334473e+00
-1.011006951332092285e+00
-1.010995745658874512e+00
-1.010952711105346680e+00
-1.010964393615722656e+00
-1.010997414588928223e+00
-1.010974287986755371e+00
-1.010974764823913574e+00
-1.010982036590576172e+00
-1.010961890220642090e+00
-1.010974049568176270e+00
-1.010982275009155273e+00
-1.010977864265441895e+00
-1.010971784591674805e+00
-1.010984778404235840e+00
-1.010993838310241699e+00
-1.010957121849060059e+00
-1.010977029800415039e+00
-1.010986089706420898e+00
-1.010962724685668945e+00
-1.010985970497131348e+00
-1.010948181152343750e+00
-1.011006355285644531e+00
-1.010966181755065918e+00
-1.010984659194946289e+00
-1.010972023010253906e+00
-1.010943889617919922e+00
-1.010976433753967285e+00
-1.010981202125549316e+00
-1.010985851287841797e+00
-1.010962605476379395e+00
-1.010962963104248047e+00
-1.010984659194946289e+00
-1.010953307151794434e+00
-1.010992288589477539e+00
-1.010983824729919434e+00
-1.010987401008605957e+00
-1.010962843894958496e+00
-1.010924577713012695e+00
-1.011009335517883301e+00
-1.011007547378540039e+00
-1.010969758033752441e+00
-1.010959148406982422e+00
-1.010942220687866211e+00
-1.010982394218444824e+00
-1.010951757431030273e+00
-1.010975122451782227e+00
-1.010966777801513672e+00
-1.010989546775817871e+00
-1.010965585708618164e+00
-1.011001586914062500e+00
