1.039419531822204590e+00
1.039419531822204590e+00
1.039419531822204590e+00
1.039419531822204590e+00
3.379452601075172424e-02
3.592306748032569885e-02
4.345190152525901794e-02
4.364174604415893555e-02
3.516477718949317932e-02
4.276777803897857666e-02
5.434435606002807617e-02
6.288504600524902344e-02
7.212196290493011475e-02
8.217092603445053101e-02
9.287746250629425049e-02
1.059588640928268433e-01
1.189058721065521240e-01
1.322286427021026611e-01
1.428159475326538086e-01
1.563400775194168091e-01
1.673245877027511597e-01
1.827640533447265625e-01
1.970241516828536987e-01
2.058749794960021973e-01
2.247645556926727295e-01
2.329842150211334229e-01
2.835544943809509277e-01
2.972730100154876709e-01
3.086718916893005371e-01
3.208487033843994141e-01
3.340520858764648438e-01
3.449985086917877197e-01
3.577263057231903076e-01
3.654650449752807617e-01
3.773936927318572998e-01
3.840461075305938721e-01
3.934385478496551514e-01
4.009088277816772461e-01
4.076834917068481445e-01
4.183134138584136963e-01
4.248484969139099121e-01
4.315485656261444092e-01
4.333047568798065186e-01
4.398481249809265137e-01
4.422366619110107422e-01
4.459362328052520752e-01
4.484385848045349121e-01
4.517680108547210693e-01
4.501954019069671631e-01
4.514003098011016846e-01
4.448193311691284180e-01
4.617044925689697266e-01
4.639598727226257324e-01
4.655250906944274902e-01
4.622257053852081299e-01
4.584048986434936523e-01
4.506318271160125732e-01
4.444714188575744629e-01
4.395850300788879395e-01
4.345698952674865723e-01
4.286350309848785400e-01
4.216888844966888428e-01
4.156968593597412109e-01
4.107387661933898926e-01
4.054177105426788330e-01
4.014385342597961426e-01
3.968982398509979248e-01
3.932262659072875977e-01
3.886763751506805420e-01
3.838265538215637207e-01
3.746074140071868896e-01
3.703983128070831299e-01
3.626411855220794678e-01
3.519501984119415283e-01
3.435986936092376709e-01
3.327478766441345215e-01
3.232763707637786865e-01
3.123762607574462891e-01
2.984134256839752197e-01
2.859789133071899414e-01
2.719509601593017578e-01
2.586033344268798828e-01
2.439147382974624634e-01
2.308799177408218384e-01
2.133327722549438477e-01
2.006061226129531860e-01
1.862239688634872437e-01
1.683824211359024048e-01
1.517293304204940796e-01
1.332647055387496948e-01
1.134749799966812134e-01
9.513216465711593628e-02
7.805977016687393188e-02
5.947241932153701782e-02
4.335357248783111572e-02
2.167003788053989410e-02
4.525085096247494221e-04
-2.328590862452983856e-02
-4.359098896384239197e-02
-6.553454697132110596e-02
-8.340819925069808960e-02
-1.073530018329620361e-01
-1.313479095697402954e-01
-1.577719002962112427e-01
-1.823589950799942017e-01
-2.093855887651443481e-01
-2.332363128662109375e-01
-2.594961225986480713e-01
-2.821461260318756104e-01
-3.052537441253662109e-01
-3.275235295295715332e-01
-3.578271865844726562e-01
-3.900638520717620850e-01
-4.177898466587066650e-01
-4.432357549667358398e-01
-4.743840694427490234e-01
-5.014595389366149902e-01
-5.316030979156494141e-01
-5.630578398704528809e-01
-5.918823480606079102e-01
-6.268846392631530762e-01
-6.579015851020812988e-01
-6.906786561012268066e-01
-7.257223129272460938e-01
-7.561032772064208984e-01
-7.898458242416381836e-01
-8.207900524139404297e-01
-8.513085842132568359e-01
-8.858447670936584473e-01
-9.164101481437683105e-01
-9.527021646499633789e-01
-9.858217239379882812e-01
-1.017252445220947266e+00
-1.053212046623229980e+00
-1.087229251861572266e+00
-1.123947978019714355e+00
-1.158917665481567383e+00
-1.192483544349670410e+00
-1.229242920875549316e+00
-1.268930196762084961e+00
-1.305583953857421875e+00
-1.352143049240112305e+00
-1.381802678108215332e+00
-1.424879074096679688e+00
-1.462074637413024902e+00
-1.500523209571838379e+00
-1.511226892471313477e+00
-1.511226892471313477e+00
-1.511226892471313477e+00
-1.511226892471313477e+00
-1.511226892471313477e+00
-1.511226892471313477e+00
-1.511226892471313477e+00
-1.511226892471313477e+00
-1.828327417373657227e+00
-1.828327417373657227e+00
-1.828327417373657227e+00
-1.828327417373657227e+00
-1.828327417373657227e+00
-1.828327417373657227e+00
-1.828327417373657227e+00
-1.828327417373657227e+00
-1.828327417373657227e+00
-1.828327417373657227e+00
-1.828327417373657227e+00
-1.828327417373657227e+00
-1.828327417373657227e+00
-1.828327417373657227e+00
-1.828327417373657227e+00
-1.828327417373657227e+00
-1.828327417373657227e+00
-1.828327417373657227e+00
-1.828327417373657227e+00
-1.828327417373657227e+00
-1.828327417373657227e+00
-1.828327417373657227e+00
-1.828327417373657227e+00
-1.828327417373657227e+00
-1.828327417373657227e+00
-1.828327417373657227e+00
-3.104575157165527344e+00
-3.108526706695556641e+00
-3.108526706695556641e+00
-3.108526706695556641e+00
-3.108526706695556641e+00
-3.108526706695556641e+00
-3.108526706695556641e+00
-3.108526706695556641e+00
-3.108526706695556641e+00
-3.108526706695556641e+00
-3.108526706695556641e+00
-3.108526706695556641e+00
-3.108526706695556641e+00
-3.108526706695556641e+00
-3.108526706695556641e+00
