-1.801016926765441895e+00
-1.801016926765441895e+00
-1.801016926765441895e+00
-1.801016926765441895e+00
-1.801016926765441895e+00
-1.801016926765441895e+00
-1.801016926765441895e+00
-1.801016926765441895e+00
-1.801016926765441895e+00
-1.801016926765441895e+00
-1.801016926765441895e+00
-1.801016926765441895e+00
-1.801016926765441895e+00
-1.801016926765441895e+00
-1.801016926765441895e+00
-1.801016926765441895e+00
-1.801016926765441895e+00
-1.801016926765441895e+00
-1.801016926765441895e+00
-1.801016926765441895e+00
-1.801016926765441895e+00
-1.801016926765441895e+00
6.767035126686096191e-01
6.653472185134887695e-01
6.540029644966125488e-01
6.374015212059020996e-01
6.233541965484619141e-01
6.066231727600097656e-01
5.925950407981872559e-01
5.667719244956970215e-01
5.509936213493347168e-01
5.319089293479919434e-01
5.168180465698242188e-01
4.975127875804901123e-01
4.768983125686645508e-01
4.580157101154327393e-01
4.256393611431121826e-01
4.068696796894073486e-01
3.797723352909088135e-01
3.491455316543579102e-01
3.200120031833648682e-01
2.881268262863159180e-01
2.549726963043212891e-01
2.239520400762557983e-01
1.861130446195602417e-01
1.586249470710754395e-01
1.274384260177612305e-01
9.224339574575424194e-02
5.296378210186958313e-02
1.117201894521713257e-02
-2.700544893741607666e-02
-6.752223521471023560e-02
-1.056925803422927856e-01
-1.557719409465789795e-01
-1.997174918651580811e-01
-2.395206987857818604e-01
-2.918364107608795166e-01
-3.378123939037322998e-01
-3.911068737506866455e-01
-4.378675222396850586e-01
-4.808875620365142822e-01
-5.278837084770202637e-01
-5.697651505470275879e-01
-6.022979021072387695e-01
-6.326246857643127441e-01
-6.326246857643127441e-01
-6.326246857643127441e-01
-6.326246857643127441e-01
-6.326246857643127441e-01
-6.326246857643127441e-01
-6.326246857643127441e-01
-6.326246857643127441e-01
-6.326246857643127441e-01
-6.326246857643127441e-01
-6.326246857643127441e-01
-6.326246857643127441e-01
-6.326246857643127441e-01
-6.326246857643127441e-01
-6.326246857643127441e-01
-6.326246857643127441e-01
-6.326246857643127441e-01
-6.326246857643127441e-01
-6.326246857643127441e-01
-6.326246857643127441e-01
-6.326246857643127441e-01
-6.326246857643127441e-01
-6.326246857643127441e-01
-6.326246857643127441e-01
-6.326246857643127441e-01
-6.326246857643127441e-01
-6.326246857643127441e-01
-6.326246857643127441e-01
-6.326246857643127441e-01
-6.326246857643127441e-01
-6.326246857643127441e-01
-6.326246857643127441e-01
-6.326246857643127441e-01
-6.326246857643127441e-01
-6.326246857643127441e-01
-6.326246857643127441e-01
-6.326246857643127441e-01
