1.314213156700134277e+00
1.314213156700134277e+00
1.314213156700134277e+00
1.314213156700134277e+00
1.314213156700134277e+00
1.314213156700134277e+00
1.314213156700134277e+00
1.314213156700134277e+00
1.314213156700134277e+00
1.314213156700134277e+00
1.314213156700134277e+00
1.314213156700134277e+00
1.314213156700134277e+00
1.314213156700134277e+00
1.314213156700134277e+00
1.314213156700134277e+00
1.314213156700134277e+00
1.314213156700134277e+00
1.314213156700134277e+00
1.314213156700134277e+00
1.314213156700134277e+00
1.314213156700134277e+00
1.314213156700134277e+00
1.314213156700134277e+00
1.314213156700134277e+00
1.314213156700134277e+00
1.314213156700134277e+00
1.314213156700134277e+00
1.314213156700134277e+00
1.314213156700134277e+00
1.314213156700134277e+00
1.314213156700134277e+00
1.314213156700134277e+00
1.314213156700134277e+00
1.314213156700134277e+00
1.314213156700134277e+00
1.314213156700134277e+00
1.314213156700134277e+00
1.314213156700134277e+00
1.314213156700134277e+00
1.314213156700134277e+00
1.314213156700134277e+00
1.314213156700134277e+00
1.314213156700134277e+00
1.314213156700134277e+00
1.314213156700134277e+00
1.314213156700134277e+00
1.314213156700134277e+00
1.314213156700134277e+00
1.314213156700134277e+00
1.314213156700134277e+00
1.314213156700134277e+00
1.314213156700134277e+00
1.314213156700134277e+00
1.314213156700134277e+00
1.314213156700134277e+00
1.314213156700134277e+00
1.314213156700134277e+00
1.314213156700134277e+00
1.314213156700134277e+00
1.314213156700134277e+00
1.314213156700134277e+00
1.314213156700134277e+00
1.314213156700134277e+00
1.314213156700134277e+00
1.314213156700134277e+00
1.314213156700134277e+00
1.314213156700134277e+00
-1.721066534519195557e-01
-1.154128909111022949e-01
-9.613233059644699097e-02
-9.613233059644699097e-02
-9.613233059644699097e-02
-9.613233059644699097e-02
-9.613233059644699097e-02
1.934853047132492065e-01
2.554795742034912109e-01
3.245832622051239014e-01
3.875813484191894531e-01
4.561746716499328613e-01
5.211045742034912109e-01
5.891699194908142090e-01
6.535747647285461426e-01
7.209583520889282227e-01
7.908360958099365234e-01
8.605349063873291016e-01
9.346589446067810059e-01
1.003151059150695801e+00
1.075621962547302246e+00
1.144518852233886719e+00
1.213389873504638672e+00
1.288299798965454102e+00
1.360555768013000488e+00
1.432968258857727051e+00
1.502587914466857910e+00
1.579813122749328613e+00
1.650299429893493652e+00
1.727129697799682617e+00
1.797363758087158203e+00
1.868095159530639648e+00
1.945905685424804688e+00
2.018963098526000977e+00
2.098388195037841797e+00
2.170992136001586914e+00
2.225003957748413086e+00
2.225003957748413086e+00
2.137400388717651367e+00
2.105256557464599609e+00
2.067372798919677734e+00
1.993518710136413574e+00
1.960972309112548828e+00
1.916665554046630859e+00
1.878304719924926758e+00
1.840633630752563477e+00
1.807685136795043945e+00
1.768840193748474121e+00
1.765165925025939941e+00
1.769230484962463379e+00
1.746955156326293945e+00
1.753453254699707031e+00
