-1.335359454154968262e+00
-1.374795436859130859e+00
-1.419011712074279785e+00
-1.453803062438964844e+00
-1.479557156562805176e+00
-1.496822237968444824e+00
-1.504434585571289062e+00
-1.508206248283386230e+00
-1.508344173431396484e+00
-1.504551649093627930e+00
-1.497693657875061035e+00
-1.486702680587768555e+00
-1.477776408195495605e+00
-1.467091202735900879e+00
-1.455904006958007812e+00
-1.446256637573242188e+00
-1.436604857444763184e+00
-1.429020881652832031e+00
-1.422583460807800293e+00
-1.416127562522888184e+00
-1.405952572822570801e+00
-1.397889018058776855e+00
-1.391381978988647461e+00
-1.384476423263549805e+00
-1.376902222633361816e+00
-1.370650768280029297e+00
-1.364995598793029785e+00
-1.359369754791259766e+00
-1.352539896965026855e+00
-1.344879746437072754e+00
-1.337437152862548828e+00
-1.331693053245544434e+00
-1.326498389244079590e+00
-1.319147586822509766e+00
-1.311046242713928223e+00
-1.303156852722167969e+00
-1.295734047889709473e+00
-1.288083434104919434e+00
-1.281910300254821777e+00
-1.276916742324829102e+00
-1.274726271629333496e+00
-1.273066997528076172e+00
-1.271293282508850098e+00
-1.269788146018981934e+00
-1.267817616462707520e+00
-1.265802979469299316e+00
-1.263362646102905273e+00
-1.259331345558166504e+00
-1.253634333610534668e+00
-1.246794581413269043e+00
-1.238545894622802734e+00
-1.230643391609191895e+00
-1.222793340682983398e+00
-1.217878103256225586e+00
-1.214993238449096680e+00
-1.215112209320068359e+00
-1.216072678565979004e+00
-1.217679500579833984e+00
-1.219626665115356445e+00
-1.220912694931030273e+00
-1.221964359283447266e+00
-1.222649574279785156e+00
-1.223266959190368652e+00
-1.223573923110961914e+00
-1.223717451095581055e+00
-1.223921775817871094e+00
-1.223754763603210449e+00
-1.223815560340881348e+00
-1.223743557929992676e+00
-1.223558783531188965e+00
-1.223724365234375000e+00
-1.223712801933288574e+00
-1.223721146583557129e+00
-1.223922967910766602e+00
-1.223721742630004883e+00
-1.224052786827087402e+00
-1.223862886428833008e+00
-1.223773360252380371e+00
-1.224090337753295898e+00
-1.223657131195068359e+00
-1.224008321762084961e+00
-1.223847150802612305e+00
-1.223822951316833496e+00
-1.223987340927124023e+00
-1.223812222480773926e+00
-1.224227547645568848e+00
-1.223725199699401855e+00
-1.223999142646789551e+00
-1.223868966102600098e+00
-1.223804712295532227e+00
-1.224076747894287109e+00
-1.223762631416320801e+00
-1.224171042442321777e+00
-1.223812580108642578e+00
-1.223942399024963379e+00
-1.223927140235900879e+00
-1.223607540130615234e+00
-1.223974585533142090e+00
-1.223750472068786621e+00
-1.224066495895385742e+00
-1.223926305770874023e+00
-1.223724603652954102e+00
-1.224001765251159668e+00
-1.223716616630554199e+00
-1.223815441131591797e+00
-1.223951697349548340e+00
-1.223793268203735352e+00
-1.224084734916687012e+00
-1.223717927932739258e+00
-1.223890542984008789e+00
-1.224001765251159668e+00
-1.223737478256225586e+00
-1.224143862724304199e+00
-1.223721623420715332e+00
-1.223897814750671387e+00
-1.223846554756164551e+00
-1.223690986633300781e+00
-1.223719358444213867e+00
-1.223729014396667480e+00
-1.223708748817443848e+00
-1.223744392395019531e+00
-1.223722815513610840e+00
-1.223718047142028809e+00
-1.223801255226135254e+00
-1.223798513412475586e+00
-1.223719716072082520e+00
-1.223655581474304199e+00
-1.223791599273681641e+00
-1.223678708076477051e+00
-1.223662257194519043e+00
-1.223804116249084473e+00
-1.223616123199462891e+00
-1.223790168762207031e+00
-1.223870635032653809e+00
-1.223661303520202637e+00
-1.223829746246337891e+00
-1.223777532577514648e+00
-1.223556160926818848e+00
-1.223939657211303711e+00
-1.223679542541503906e+00
-1.223730087280273438e+00
-1.223901271820068359e+00
-1.223486661911010742e+00
-1.223695158958435059e+00
-1.223909258842468262e+00
-1.223633170127868652e+00
-1.223767399787902832e+00
-1.223727464675903320e+00
-1.223596692085266113e+00
-1.223972678184509277e+00
-1.223692893981933594e+00
-1.223586320877075195e+00
-1.223887562751770020e+00
-1.223557114601135254e+00
-1.223982334136962891e+00
-1.223863244056701660e+00
-1.223547458648681641e+00
-1.223997473716735840e+00
-1.223615050315856934e+00
-1.223923325538635254e+00
-1.223752975463867188e+00
-1.223546147346496582e+00
-1.223913669586181641e+00
-1.223625183105468750e+00
-1.223863244056701660e+00
-1.223787188529968262e+00
-1.223531842231750488e+00
-1.223967432975769043e+00
-1.223774909973144531e+00
-1.223903536796569824e+00
-1.223729610443115234e+00
-1.223466277122497559e+00
-1.223961353302001953e+00
-1.223891735076904297e+00
-1.223665714263916016e+00
-1.223896503448486328e+00
-1.223474860191345215e+00
-1.223932743072509766e+00
-1.223897337913513184e+00
-1.223618626594543457e+00
-1.223932027816772461e+00
-1.223536610603332520e+00
-1.223848581314086914e+00
-1.223828077316284180e+00
-1.223633289337158203e+00
-1.223919868469238281e+00
-1.223461747169494629e+00
-1.223917365074157715e+00
-1.223932147026062012e+00
-1.223532795906066895e+00
-1.223863482475280762e+00
-1.223599910736083984e+00
-1.223844647407531738e+00
-1.223927617073059082e+00
-1.223489761352539062e+00
-1.223889589309692383e+00
-1.223572850227355957e+00
-1.223907232284545898e+00
-1.223869085311889648e+00
-1.223484754562377930e+00
-1.223771214485168457e+00
