-7.909511327743530273e-01
-8.211823701858520508e-01
-8.433414697647094727e-01
-8.443962335586547852e-01
-8.360631465911865234e-01
-8.429325819015502930e-01
-8.333584070205688477e-01
-8.158220052719116211e-01
-7.975170016288757324e-01
-7.774321436882019043e-01
-7.600570321083068848e-01
-7.621763348579406738e-01
-7.654250860214233398e-01
-7.808420062065124512e-01
-8.004474639892578125e-01
-8.237550258636474609e-01
-8.444033265113830566e-01
-8.553640246391296387e-01
-8.576556444168090820e-01
-8.481266498565673828e-01
-8.326448202133178711e-01
-8.115334510803222656e-01
-7.870474457740783691e-01
-7.599778175354003906e-01
-7.557871341705322266e-01
-7.640523314476013184e-01
-7.673437595367431641e-01
-7.880467176437377930e-01
-8.096802830696105957e-01
-8.291736841201782227e-01
-8.434193730354309082e-01
-8.561787009239196777e-01
-8.491985797882080078e-01
-8.379414081573486328e-01
-8.184483647346496582e-01
-7.952020168304443359e-01
-7.659139633178710938e-01
-7.557504177093505859e-01
-7.580314278602600098e-01
-7.526728510856628418e-01
-7.779020667076110840e-01
-7.928599119186401367e-01
-8.164649009704589844e-01
-8.432545065879821777e-01
-8.552877306938171387e-01
-8.530253171920776367e-01
-8.489986062049865723e-01
-8.322402834892272949e-01
-8.080415725708007812e-01
-7.830390334129333496e-01
-7.624809145927429199e-01
-7.524068355560302734e-01
-7.612575888633728027e-01
-7.750719189643859863e-01
-7.856354117393493652e-01
-8.126024007797241211e-01
-8.290455341339111328e-01
-8.352548480033874512e-01
-8.557658791542053223e-01
-8.446176648139953613e-01
-8.300041556358337402e-01
-8.096815943717956543e-01
-7.843761444091796875e-01
-7.549635767936706543e-01
-7.454673647880554199e-01
-7.450223565101623535e-01
-7.459133863449096680e-01
-7.639617919921875000e-01
-7.853037118911743164e-01
-8.086031079292297363e-01
-8.313251733779907227e-01
-8.432224392890930176e-01
-8.429217338562011719e-01
-8.347988724708557129e-01
-8.174515366554260254e-01
-7.942879199981689453e-01
-7.643653154373168945e-01
-7.418134212493896484e-01
-7.365891933441162109e-01
-7.388641238212585449e-01
-7.625409364700317383e-01
-7.730072140693664551e-01
-7.992765307426452637e-01
-8.212251663208007812e-01
-8.381745815277099609e-01
-8.453683853149414062e-01
-8.367490172386169434e-01
-8.239886164665222168e-01
-8.034061789512634277e-01
-7.762686014175415039e-01
-7.487369775772094727e-01
-7.418226003646850586e-01
-7.473946809768676758e-01
-7.447914481163024902e-01
-7.623553872108459473e-01
-7.878428697586059570e-01
-8.104203343391418457e-01
-8.280428051948547363e-01
-8.391206264495849609e-01
-8.362829685211181641e-01
-8.277176618576049805e-01
-8.099681735038757324e-01
-7.849944829940795898e-01
-7.545245289802551270e-01
-7.361394166946411133e-01
-7.360849380493164062e-01
-7.465493679046630859e-01
-7.603056430816650391e-01
-7.770818471908569336e-01
-7.996263504028320312e-01
-8.195593953132629395e-01
-8.328828811645507812e-01
-8.400500416755676270e-01
-8.316769003868103027e-01
-8.184856176376342773e-01
-7.977982163429260254e-01
-7.685095667839050293e-01
-7.486398220062255859e-01
-7.351363897323608398e-01
-7.409832477569580078e-01
-7.393748164176940918e-01
-7.570440769195556641e-01
-7.792372107505798340e-01
-8.038614988327026367e-01
-8.225109577178955078e-01
-8.336542844772338867e-01
-8.299519419670104980e-01
-8.205794692039489746e-01
-8.009059429168701172e-01
-7.779588699340820312e-01
-7.484566569328308105e-01
-7.372163534164428711e-01
-7.239766120910644531e-01
-7.305641174316406250e-01
-7.457056641578674316e-01
-7.657757997512817383e-01
-7.893838286399841309e-01
-8.114569783210754395e-01
-8.268027901649475098e-01
-8.319816589355468750e-01
-8.236913084983825684e-01
-8.105532526969909668e-01
-7.899262309074401855e-01
-7.630186080932617188e-01
-7.454906105995178223e-01
-7.290869355201721191e-01
-7.421435117721557617e-01
-7.356983423233032227e-01
-7.526268959045410156e-01
-7.761058211326599121e-01
-7.988572120666503906e-01
-8.168337941169738770e-01
-8.282333612442016602e-01
-8.247274756431579590e-01
-8.159944415092468262e-01
-7.975041270256042480e-01
-7.742079496383666992e-01
-7.429152727127075195e-01
-7.343351244926452637e-01
-7.261576652526855469e-01
-7.276752591133117676e-01
-7.406366467475891113e-01
-7.605634331703186035e-01
-7.858051061630249023e-01
-8.059107661247253418e-01
-8.210216760635375977e-01
-8.257391452789306641e-01
-8.190839290618896484e-01
-8.061614632606506348e-01
-7.846553921699523926e-01
-7.582454681396484375e-01
-7.392928600311279297e-01
-7.260016202926635742e-01
-7.339351177215576172e-01
-7.294428944587707520e-01
-7.475731968879699707e-01
-7.703357934951782227e-01
-7.925449013710021973e-01
-8.150855302810668945e-01
-8.267911076545715332e-01
-8.183694481849670410e-01
-8.088150620460510254e-01
-7.953880429267883301e-01
-7.700335979461669922e-01
-7.403259277343750000e-01
-7.218542098999023438e-01
-7.213704586029052734e-01
-7.225438356399536133e-01
-7.347074151039123535e-01
-7.564059495925903320e-01
-7.801526188850402832e-01
-7.992776632308959961e-01
-8.159725666046142578e-01
-8.218722343444824219e-01
-8.148722052574157715e-01
-8.005490899085998535e-01
-7.794527411460876465e-01
-7.515487670898437500e-01
-7.350057363510131836e-01
-7.213489413261413574e-01
-7.267346382141113281e-01
-7.248892784118652344e-01
-7.425527572631835938e-01
-7.662177681922912598e-01
-7.874737381935119629e-01
-8.060113191604614258e-01
-8.167284131050109863e-01
-8.147097826004028320e-01
-8.056809902191162109e-01
-7.865247726440429688e-01
-7.634808421134948730e-01
-7.350087165832519531e-01
-7.175557017326354980e-01
-7.103745341300964355e-01
-7.176670432090759277e-01
-7.294027209281921387e-01
-7.513594031333923340e-01
-7.753457427024841309e-01
-7.966015338897705078e-01
-8.130387663841247559e-01
-8.181195855140686035e-01
-8.106968402862548828e-01
-7.977784276008605957e-01
-7.758338451385498047e-01
-7.501077651977539062e-01
-7.331585288047790527e-01
-7.178674936294555664e-01
-7.244039177894592285e-01
-7.214490175247192383e-01
-7.393497228622436523e-01
-7.606180906295776367e-01
-7.839995026588439941e-01
-8.022903800010681152e-01
-8.125696778297424316e-01
-8.123502135276794434e-01
-8.036896586418151855e-01
-7.861866354942321777e-01
-7.634451389312744141e-01
-7.360132336616516113e-01
-7.240527272224426270e-01
-7.073394656181335449e-01
-7.152232527732849121e-01
-7.266198396682739258e-01
-7.480475902557373047e-01
-7.712240219116210938e-01
-7.922167181968688965e-01
-8.081427216529846191e-01
-8.150669336318969727e-01
-8.078675866127014160e-01
-7.940798401832580566e-01
-7.747083902359008789e-01
-7.479323148727416992e-01
-7.315465807914733887e-01
-7.175768017768859863e-01
-7.181105017662048340e-01
-7.199048995971679688e-01
-7.387875914573669434e-01
-7.599056959152221680e-01
-7.827605009078979492e-01
-7.994788885116577148e-01
-8.110165596008300781e-01
-8.094013333320617676e-01
-8.011394739151000977e-01
-7.820971012115478516e-01
-7.599122524261474609e-01
-7.347972989082336426e-01
-7.173643708229064941e-01
-7.051753997802734375e-01
-7.127737402915954590e-01
-7.257441878318786621e-01
-7.456305027008056641e-01
-7.704386711120605469e-01
-7.898804545402526855e-01
-8.059911131858825684e-01
-8.125451803207397461e-01
-8.043116331100463867e-01
-7.920325398445129395e-01
-7.706378102302551270e-01
-7.465900778770446777e-01
-7.289835214614868164e-01
-7.129555940628051758e-01
-7.206146121025085449e-01
-7.168032526969909668e-01
-7.353857159614562988e-01
-7.566353082656860352e-01
-7.796424627304077148e-01
-7.983728051185607910e-01
-8.091918826103210449e-01
-8.070050477981567383e-01
-7.983548641204833984e-01
-7.791434526443481445e-01
-7.571792006492614746e-01
-7.290114164352416992e-01
-7.168899774551391602e-01
-7.068272829055786133e-01
-7.112227678298950195e-01
-7.243921160697937012e-01
-7.444031834602355957e-01
-7.692031860351562500e-01
-7.889891862869262695e-01
-8.049145936965942383e-01
-8.104521632194519043e-01
-8.030494451522827148e-01
-7.908747792243957520e-01
-7.699472904205322266e-01
-7.458341717720031738e-01
-7.255476117134094238e-01
-7.131204009056091309e-01
-7.151916623115539551e-01
-7.209664583206176758e-01
-7.425847053527832031e-01
-7.614269852638244629e-01
-7.832900881767272949e-01
-7.968252897262573242e-01
-8.039952516555786133e-01
-8.068512082099914551e-01
-7.978635430335998535e-01
-7.796385884284973145e-01
-7.571254372596740723e-01
-7.270064949989318848e-01
-7.178398370742797852e-01
-7.035177350044250488e-01
-7.102553248405456543e-01
-7.243024706840515137e-01
-7.439130544662475586e-01
-7.662978768348693848e-01
-7.869491577148437500e-01
-8.013964891433715820e-01
-8.064084053039550781e-01
-7.979367971420288086e-01
-7.853952050209045410e-01
-7.655903697013854980e-01
-7.412447333335876465e-01
-7.162228226661682129e-01
-7.093426585197448730e-01
-7.148557305335998535e-01
-7.115587592124938965e-01
-7.285197377204895020e-01
-7.517946362495422363e-01
-7.716504931449890137e-01
-7.890979051589965820e-01
-7.992800474166870117e-01
-7.976450920104980469e-01
-7.888280153274536133e-01
-7.714319825172424316e-01
-7.503859400749206543e-01
-7.257750630378723145e-01
-7.091306447982788086e-01
-7.022147178649902344e-01
-7.040823698043823242e-01
-7.158259749412536621e-01
-7.367836833000183105e-01
-7.590727806091308594e-01
-7.788962721824645996e-01
-7.963592410087585449e-01
-8.027707934379577637e-01
-7.952287197113037109e-01
-7.824216485023498535e-01
-7.622016668319702148e-01
-7.359079718589782715e-01
-7.192927002906799316e-01
-7.035615444183349609e-01
-7.117621898651123047e-01
-7.045827507972717285e-01
-7.219352126121520996e-01
-7.442845106124877930e-01
-7.669515609741210938e-01
-7.843096852302551270e-01
-7.952825427055358887e-01
-7.945608496665954590e-01
-7.857475876808166504e-01
-7.684764266014099121e-01
-7.467958927154541016e-01
-7.220879197120666504e-01
-7.024300098419189453e-01
-6.873329877853393555e-01
-7.060253620147705078e-01
-7.031814455986022949e-01
-7.217721343040466309e-01
-7.450215816497802734e-01
-7.649875283241271973e-01
-7.818549871444702148e-01
-7.909463644027709961e-01
-7.844930887222290039e-01
-7.745862007141113281e-01
-7.531650066375732422e-01
-7.286238670349121094e-01
-7.071052789688110352e-01
-6.948611736297607422e-01
-6.909732222557067871e-01
-6.917009949684143066e-01
-7.077743411064147949e-01
-7.277908325195312500e-01
-7.533496618270874023e-01
-7.696434259414672852e-01
-7.835763096809387207e-01
-7.859839200973510742e-01
-7.795562148094177246e-01
-7.643865346908569336e-01
-7.426473498344421387e-01
-7.179729938507080078e-01
-6.930324435234069824e-01
-6.879819035530090332e-01
-6.980683207511901855e-01
-6.992685198783874512e-01
-7.211582064628601074e-01
-7.408038973808288574e-01
-7.622991204261779785e-01
-7.757799029350280762e-01
-7.873682379722595215e-01
-7.828295230865478516e-01
-7.697080373764038086e-01
-7.534828782081604004e-01
-7.287039756774902344e-01
-7.048107981681823730e-01
-6.865123510360717773e-01
-6.798351407051086426e-01
-6.839217543601989746e-01
-6.997621655464172363e-01
-7.206721901893615723e-01
-7.448148727416992188e-01
-7.647356390953063965e-01
-7.801074981689453125e-01
-7.840236425399780273e-01
-7.766090631484985352e-01
-7.618103027343750000e-01
-7.404978871345520020e-01
-7.128711938858032227e-01
-6.945769786834716797e-01
-6.840475201606750488e-01
-6.919152140617370605e-01
-6.888265013694763184e-01
-7.066498398780822754e-01
-7.297973632812500000e-01
-7.518768310546875000e-01
-7.709294557571411133e-01
-7.817515730857849121e-01
-7.803667783737182617e-01
-7.722234725952148438e-01
-7.527785897254943848e-01
-7.297238111495971680e-01
-7.060910463333129883e-01
-6.902827620506286621e-01
-6.833737492561340332e-01
-6.811950206756591797e-01
-6.956089735031127930e-01
-7.150034904479980469e-01
-7.366133928298950195e-01
-7.588093876838684082e-01
-7.752254605293273926e-01
-7.835643291473388672e-01
-7.744589447975158691e-01
-7.634788751602172852e-01
-7.439240217208862305e-01
-7.187093496322631836e-01
-7.009496688842773438e-01
-6.820889115333557129e-01
-6.872366070747375488e-01
-6.826249361038208008e-01
-7.006323337554931641e-01
-7.217218875885009766e-01
-7.443777322769165039e-01
-7.660329341888427734e-01
-7.790141105651855469e-01
-7.795983552932739258e-01
-7.722234725952148438e-01
-7.564417123794555664e-01
-7.362255454063415527e-01
-7.098476290702819824e-01
-6.853684186935424805e-01
-6.805878281593322754e-01
-6.802223920822143555e-01
-6.914292573928833008e-01
-7.096852064132690430e-01
-7.309284806251525879e-01
-7.532753944396972656e-01
-7.718184590339660645e-01
-7.817023396492004395e-01
-7.788386344909667969e-01
-7.692716121673583984e-01
-7.510523200035095215e-01
-7.291682958602905273e-01
-7.043640017509460449e-01
-6.875153183937072754e-01
-6.845874786376953125e-01
-6.833289861679077148e-01
-6.980938911437988281e-01
-7.175427675247192383e-01
-7.410131692886352539e-01
-7.613375782966613770e-01
-7.774468660354614258e-01
-7.827349305152893066e-01
-7.768033146858215332e-01
-7.637462019920349121e-01
-7.442801594734191895e-01
-7.214756608009338379e-01
-6.976612806320190430e-01
-6.856985092163085938e-01
-6.873232126235961914e-01
-6.863176822662353516e-01
-7.029751539230346680e-01
-7.256680130958557129e-01
-7.550462484359741211e-01
-7.695967555046081543e-01
-7.810973525047302246e-01
-7.829120159149169922e-01
-7.750756144523620605e-01
-7.578784227371215820e-01
-7.371996045112609863e-01
-7.127710580825805664e-01
-6.913496255874633789e-01
-6.822436451911926270e-01
-6.831959486007690430e-01
-6.926354765892028809e-01
-7.110055088996887207e-01
-7.345224022865295410e-01
-7.565734982490539551e-01
-7.755897641181945801e-01
-7.865864634513854980e-01
-7.815073132514953613e-01
-7.725597023963928223e-01
-7.542882561683654785e-01
-7.302660346031188965e-01
-7.052195072174072266e-01
-6.916095614433288574e-01
-6.828559041023254395e-01
-6.919009089469909668e-01
-7.070643305778503418e-01
-7.238520383834838867e-01
-7.452145814895629883e-01
-7.648148536682128906e-01
-7.755154967308044434e-01
-7.709462046623229980e-01
-7.761607766151428223e-01
-7.624014019966125488e-01
-7.419087290763854980e-01
-7.154757976531982422e-01
-6.888686418533325195e-01
-6.818728446960449219e-01
-6.883089542388916016e-01
-6.845910549163818359e-01
-7.016958594322204590e-01
-7.254040241241455078e-01
-7.500673532485961914e-01
-7.689393162727355957e-01
-7.807735800743103027e-01
-7.810407280921936035e-01
-7.730458974838256836e-01
-7.539640069007873535e-01
-7.313363552093505859e-01
-7.057456374168395996e-01
-6.890084147453308105e-01
-6.771000623703002930e-01
-6.837442517280578613e-01
-6.905291080474853516e-01
-7.107361555099487305e-01
-7.348242402076721191e-01
-7.578205466270446777e-01
-7.783451080322265625e-01
-7.873650789260864258e-01
-7.826501131057739258e-01
-7.722100615501403809e-01
-7.528859972953796387e-01
-7.291845083236694336e-01
-6.981368064880371094e-01
-6.824837923049926758e-01
-6.845441460609436035e-01
-6.856976151466369629e-01
-7.001675963401794434e-01
-7.206658720970153809e-01
-7.471851706504821777e-01
-7.679866552352905273e-01
-7.840319871902465820e-01
-7.870860695838928223e-01
-7.805427312850952148e-01
-7.661947607994079590e-01
-7.449663877487182617e-01
-7.204494476318359375e-01
-6.975511312484741211e-01
-6.865516901016235352e-01
-6.914266943931579590e-01
-6.898669004440307617e-01
-7.068002223968505859e-01
-7.287110686302185059e-01
-7.549252510070800781e-01
-7.737973928451538086e-01
-7.851409316062927246e-01
-7.840614318847656250e-01
-7.758233547210693359e-01
-7.582325339317321777e-01
-7.338265776634216309e-01
-7.078440785408020020e-01
-6.914834380149841309e-01
-6.774271130561828613e-01
-6.843925714492797852e-01
-6.964410543441772461e-01
-7.159759402275085449e-01
-7.395581007003784180e-01
-7.637518048286437988e-01
-7.810011506080627441e-01
-7.892968654632568359e-01
