-5.558313727378845215e-01
-5.591283440589904785e-01
-5.497377514839172363e-01
-5.569594502449035645e-01
-5.916456580162048340e-01
-6.096913814544677734e-01
-6.027620434761047363e-01
-5.943808555603027344e-01
-6.033576726913452148e-01
-6.211567521095275879e-01
-6.187078356742858887e-01
-6.126530170440673828e-01
-5.980254411697387695e-01
-5.681352019309997559e-01
-5.421656966209411621e-01
-5.493953824043273926e-01
-5.917750000953674316e-01
-6.244238018989562988e-01
-6.163218021392822266e-01
-5.969359874725341797e-01
-5.768273472785949707e-01
-5.744180679321289062e-01
-5.666286349296569824e-01
-5.621020793914794922e-01
-5.541679263114929199e-01
-5.559808611869812012e-01
-5.488334298133850098e-01
-5.690309405326843262e-01
-5.940723419189453125e-01
-6.345827579498291016e-01
-6.321532130241394043e-01
-5.934324264526367188e-01
-5.567281842231750488e-01
-5.668815374374389648e-01
-5.919744372367858887e-01
-5.922755002975463867e-01
-5.917997360229492188e-01
-5.898494124412536621e-01
-6.005261540412902832e-01
-6.175914406776428223e-01
-6.338314414024353027e-01
-6.358774900436401367e-01
-6.315749287605285645e-01
-6.067650318145751953e-01
-5.684907436370849609e-01
-5.536540150642395020e-01
-5.842260122299194336e-01
-6.179993748664855957e-01
-6.249479651451110840e-01
-6.111423969268798828e-01
-6.055930256843566895e-01
-6.131327152252197266e-01
-6.186209917068481445e-01
-6.120010614395141602e-01
-5.947180390357971191e-01
-5.865846872329711914e-01
-5.645130872726440430e-01
-5.606627464294433594e-01
-5.843250155448913574e-01
-6.296812891960144043e-01
-6.428368091583251953e-01
-6.221301555633544922e-01
-5.816075205802917480e-01
-5.830453038215637207e-01
-5.957274436950683594e-01
-5.891009569168090820e-01
-5.892007350921630859e-01
-5.816733241081237793e-01
-5.822201967239379883e-01
-6.011162996292114258e-01
-6.271320581436157227e-01
-6.538714766502380371e-01
-6.534481644630432129e-01
-6.261826753616333008e-01
-5.756750106811523438e-01
-5.678870677947998047e-01
-5.816588997840881348e-01
-6.040468811988830566e-01
-6.097833514213562012e-01
-6.030026078224182129e-01
-6.019167900085449219e-01
-6.194729208946228027e-01
-6.271291375160217285e-01
-6.290211677551269531e-01
-6.198118925094604492e-01
-6.065362095832824707e-01
-5.651446580886840820e-01
-5.402706265449523926e-01
-5.594025254249572754e-01
-6.033033132553100586e-01
-6.260644793510437012e-01
-6.128547787666320801e-01
-5.779579877853393555e-01
-5.791012644767761230e-01
-5.907239913940429688e-01
-5.848625898361206055e-01
-5.734543204307556152e-01
-5.585262179374694824e-01
-5.603350400924682617e-01
-5.472530722618103027e-01
-5.688496232032775879e-01
-6.203230023384094238e-01
-6.345557570457458496e-01
-6.229473948478698730e-01
-5.755271911621093750e-01
-5.559200048446655273e-01
-5.622306466102600098e-01
-5.823757052421569824e-01
-5.873653292655944824e-01
-5.792430639266967773e-01
-5.789747834205627441e-01
-5.936917066574096680e-01
-6.099116802215576172e-01
-6.162557005882263184e-01
-6.390027999877929688e-01
-6.280852556228637695e-01
-5.960656404495239258e-01
-5.574157238006591797e-01
-5.579137206077575684e-01
-5.952161550521850586e-01
-6.129112243652343750e-01
-6.168648600578308105e-01
-6.009253859519958496e-01
-6.607387065887451172e-01
-6.280484795570373535e-01
-6.076919436454772949e-01
-5.527412891387939453e-01
-5.388265252113342285e-01
-5.888868570327758789e-01
-6.094299554824829102e-01
-6.164305210113525391e-01
-5.969386100769042969e-01
-5.747902393341064453e-01
-5.741965770721435547e-01
-6.020531058311462402e-01
-6.491279602050781250e-01
-6.473369002342224121e-01
-6.063756346702575684e-01
-5.379945039749145508e-01
-5.134310722351074219e-01
-5.626491904258728027e-01
-6.275581717491149902e-01
-6.469688415527343750e-01
-6.357345581054687500e-01
-6.336252689361572266e-01
-6.483123898506164551e-01
-6.145528554916381836e-01
-5.744591355323791504e-01
-5.675729513168334961e-01
-5.857947468757629395e-01
-6.058351397514343262e-01
-6.071524620056152344e-01
-6.056861877441406250e-01
-5.985689759254455566e-01
-6.268422603607177734e-01
-6.290807723999023438e-01
-6.496833562850952148e-01
-6.302894949913024902e-01
-6.042613983154296875e-01
-5.659450292587280273e-01
-5.544863939285278320e-01
-5.749170780181884766e-01
-6.192939877510070801e-01
-6.360726952552795410e-01
-6.311042904853820801e-01
-5.918890833854675293e-01
-6.143423914909362793e-01
-6.097090244293212891e-01
-6.047191023826599121e-01
-5.914188027381896973e-01
-5.768454670906066895e-01
-5.671119093894958496e-01
-5.775243043899536133e-01
-5.914754867553710938e-01
-6.344713568687438965e-01
-6.575075387954711914e-01
-6.380543708801269531e-01
-5.989930629730224609e-01
-5.841886997222900391e-01
-5.948904156684875488e-01
-6.055428981781005859e-01
-6.009774804115295410e-01
-5.922373533248901367e-01
-5.923117399215698242e-01
-6.060344576835632324e-01
-6.253169775009155273e-01
-6.828065514564514160e-01
-6.466159224510192871e-01
-6.358473300933837891e-01
-5.905695557594299316e-01
-5.625497698783874512e-01
-5.728904008865356445e-01
-6.080415844917297363e-01
-6.279552578926086426e-01
-6.226245164871215820e-01
-6.152698993682861328e-01
-6.118382215499877930e-01
-6.234264373779296875e-01
-6.211254596710205078e-01
-6.133329272270202637e-01
-6.022822856903076172e-01
-5.774124860763549805e-01
-5.568575859069824219e-01
-5.694348216056823730e-01
-6.096559762954711914e-01
-6.442679762840270996e-01
-6.368164420127868652e-01
-5.995678901672363281e-01
-5.833386182785034180e-01
-5.882945656776428223e-01
-5.994315147399902344e-01
-5.890730023384094238e-01
-5.768651962280273438e-01
-5.801565051078796387e-01
-5.837599039077758789e-01
-5.932014584541320801e-01
-6.115387678146362305e-01
-6.478364467620849609e-01
-6.441459059715270996e-01
-6.058241724967956543e-01
-5.687391757965087891e-01
-5.699868202209472656e-01
-6.017161607742309570e-01
-6.063769459724426270e-01
-6.100243330001831055e-01
-6.033526062965393066e-01
-6.047473549842834473e-01
-6.290094852447509766e-01
-6.365640163421630859e-01
-6.382390260696411133e-01
-6.202191710472106934e-01
-5.959057807922363281e-01
-5.571885108947753906e-01
-5.515663027763366699e-01
-5.875016450881958008e-01
-6.219702959060668945e-01
-6.278437376022338867e-01
-6.071698069572448730e-01
-5.936641097068786621e-01
-5.960460305213928223e-01
-5.961951613426208496e-01
-5.910294055938720703e-01
-5.756079554557800293e-01
-5.666169524192810059e-01
-5.658510327339172363e-01
-5.665258169174194336e-01
-6.046255826950073242e-01
-6.348404884338378906e-01
-6.465814709663391113e-01
-6.186395883560180664e-01
-5.750731229782104492e-01
-5.714588165283203125e-01
-5.855828523635864258e-01
-6.100484728813171387e-01
-6.039389371871948242e-01
-5.976454019546508789e-01
-5.964998602867126465e-01
-6.192736029624938965e-01
-6.264133453369140625e-01
-6.501363515853881836e-01
-6.445851325988769531e-01
-6.248484849929809570e-01
-5.871161818504333496e-01
-5.600754022598266602e-01
-5.803448557853698730e-01
-6.196362376213073730e-01
-6.429841518402099609e-01
-6.322430372238159180e-01
-6.161991953849792480e-01
-6.132906675338745117e-01
-6.254888176918029785e-01
-6.240512132644653320e-01
-6.133539676666259766e-01
-6.025741100311279297e-01
-5.831370353698730469e-01
-5.634316205978393555e-01
-5.800079703330993652e-01
-6.302577853202819824e-01
-6.548796296119689941e-01
-6.483476161956787109e-01
-6.102663874626159668e-01
-5.884220600128173828e-01
-5.976856946945190430e-01
-6.144587993621826172e-01
-6.010285019874572754e-01
-5.949310660362243652e-01
-5.969226360321044922e-01
-6.022963523864746094e-01
-6.200598478317260742e-01
-6.339592933654785156e-01
-6.667906641960144043e-01
-6.620306968688964844e-01
-6.279845237731933594e-01
-5.898495316505432129e-01
-5.798926949501037598e-01
-6.166927218437194824e-01
-6.294019818305969238e-01
-6.352456808090209961e-01
-6.282584071159362793e-01
-6.252010464668273926e-01
-6.435396075248718262e-01
-6.499117612838745117e-01
-6.423075199127197266e-01
-6.304318904876708984e-01
-6.198742389678955078e-01
-5.823024511337280273e-01
-5.715564489364624023e-01
-6.015971302986145020e-01
-6.420282125473022461e-01
-6.526102423667907715e-01
-6.307597160339355469e-01
-5.769283771514892578e-01
