-3.730391025543212891e+00
-3.730391025543212891e+00
-3.730391025543212891e+00
-3.730391025543212891e+00
-3.730391025543212891e+00
-3.730391025543212891e+00
-3.730391025543212891e+00
-3.730391025543212891e+00
-3.730391025543212891e+00
-3.730391025543212891e+00
-3.730391025543212891e+00
-3.730391025543212891e+00
-3.730391025543212891e+00
-3.730391025543212891e+00
-3.730391025543212891e+00
-3.730391025543212891e+00
-3.730391025543212891e+00
-3.730391025543212891e+00
-3.730391025543212891e+00
-3.730391025543212891e+00
-3.730391025543212891e+00
-3.730391025543212891e+00
-3.730391025543212891e+00
-3.730391025543212891e+00
-3.730391025543212891e+00
-3.730391025543212891e+00
-3.730391025543212891e+00
-3.730391025543212891e+00
-3.730391025543212891e+00
-3.730391025543212891e+00
-3.730391025543212891e+00
-3.730391025543212891e+00
-3.730391025543212891e+00
-3.730391025543212891e+00
-3.730391025543212891e+00
-3.730391025543212891e+00
-3.730391025543212891e+00
-3.730391025543212891e+00
-3.730391025543212891e+00
-3.730391025543212891e+00
-3.730391025543212891e+00
-3.730391025543212891e+00
-3.730391025543212891e+00
-3.730391025543212891e+00
-3.730391025543212891e+00
-3.730391025543212891e+00
-3.730391025543212891e+00
-3.730391025543212891e+00
-3.730391025543212891e+00
-3.730391025543212891e+00
-3.730391025543212891e+00
-3.730391025543212891e+00
-3.730391025543212891e+00
-3.730391025543212891e+00
-3.730391025543212891e+00
-3.730391025543212891e+00
-3.730391025543212891e+00
-3.730391025543212891e+00
-3.730391025543212891e+00
-3.730391025543212891e+00
-3.730391025543212891e+00
-3.730391025543212891e+00
-3.730391025543212891e+00
-3.730391025543212891e+00
-3.730391025543212891e+00
-3.730391025543212891e+00
-3.730391025543212891e+00
-3.730391025543212891e+00
-3.730391025543212891e+00
-3.730391025543212891e+00
-3.730391025543212891e+00
-3.730391025543212891e+00
-3.730391025543212891e+00
-3.730391025543212891e+00
-3.730391025543212891e+00
-3.730391025543212891e+00
-3.730391025543212891e+00
-3.730391025543212891e+00
-3.730391025543212891e+00
-3.730391025543212891e+00
-3.730391025543212891e+00
-3.730391025543212891e+00
-3.730391025543212891e+00
-3.730391025543212891e+00
-3.730391025543212891e+00
-3.730391025543212891e+00
-3.730391025543212891e+00
-3.730391025543212891e+00
-3.730391025543212891e+00
-3.730391025543212891e+00
-3.730391025543212891e+00
-3.730391025543212891e+00
-3.730391025543212891e+00
-3.730391025543212891e+00
-3.730391025543212891e+00
-3.730391025543212891e+00
-3.730391025543212891e+00
-3.730391025543212891e+00
-3.730391025543212891e+00
-3.730391025543212891e+00
-3.730391025543212891e+00
-3.730391025543212891e+00
-3.730391025543212891e+00
-3.730391025543212891e+00
-3.730391025543212891e+00
-3.730391025543212891e+00
-3.730391025543212891e+00
-3.730391025543212891e+00
-3.730391025543212891e+00
-3.730391025543212891e+00
-3.730391025543212891e+00
-3.730391025543212891e+00
-3.730391025543212891e+00
-3.730391025543212891e+00
-3.730391025543212891e+00
-3.730391025543212891e+00
-3.730391025543212891e+00
-3.730391025543212891e+00
-3.730391025543212891e+00
-3.730391025543212891e+00
-3.730391025543212891e+00
-3.730391025543212891e+00
-3.730391025543212891e+00
-3.730391025543212891e+00
-3.730391025543212891e+00
-3.730391025543212891e+00
-3.730391025543212891e+00
-3.730391025543212891e+00
-3.730391025543212891e+00
-3.730391025543212891e+00
-3.730391025543212891e+00
-2.785262823104858398e+00
-2.785262823104858398e+00
-2.785262823104858398e+00
-2.785262823104858398e+00
-2.785262823104858398e+00
-2.785262823104858398e+00
-2.785262823104858398e+00
-2.785262823104858398e+00
-1.990188717842102051e+00
-1.957488417625427246e+00
-1.905223369598388672e+00
-1.894162893295288086e+00
-1.894162893295288086e+00
-1.894162893295288086e+00
-1.894162893295288086e+00
-1.894162893295288086e+00
-1.894162893295288086e+00
-1.894162893295288086e+00
-1.894162893295288086e+00
-1.894162893295288086e+00
-1.894162893295288086e+00
-1.894162893295288086e+00
-1.894162893295288086e+00
-1.894162893295288086e+00
-1.894162893295288086e+00
-1.894162893295288086e+00
-1.894162893295288086e+00
-1.585537791252136230e+00
-1.520922780036926270e+00
-1.535863518714904785e+00
-1.524023294448852539e+00
-1.524023294448852539e+00
-1.524023294448852539e+00
-1.524023294448852539e+00
-1.524023294448852539e+00
-1.524023294448852539e+00
-1.524023294448852539e+00
-1.524023294448852539e+00
-1.524023294448852539e+00
-1.524023294448852539e+00
-1.524023294448852539e+00
-1.524023294448852539e+00
-1.524023294448852539e+00
-1.524023294448852539e+00
-1.524023294448852539e+00
-1.524023294448852539e+00
-1.524023294448852539e+00
-1.524023294448852539e+00
-1.524023294448852539e+00
-1.256036639213562012e+00
-1.321574091911315918e+00
-1.321574091911315918e+00
-1.321574091911315918e+00
-1.321574091911315918e+00
-1.321574091911315918e+00
-1.321574091911315918e+00
-1.321574091911315918e+00
-1.321574091911315918e+00
-1.321574091911315918e+00
-1.321574091911315918e+00
-1.321574091911315918e+00
-1.321574091911315918e+00
-1.321574091911315918e+00
-1.321574091911315918e+00
-1.321574091911315918e+00
-1.321574091911315918e+00
-1.321574091911315918e+00
-1.321574091911315918e+00
-1.321574091911315918e+00
-1.321574091911315918e+00
-1.321574091911315918e+00
-1.321574091911315918e+00
-1.321574091911315918e+00
-1.321574091911315918e+00
-4.803899824619293213e-01
-4.803899824619293213e-01
-4.803899824619293213e-01
-4.803899824619293213e-01
-4.803899824619293213e-01
-4.803899824619293213e-01
-4.803899824619293213e-01
-4.803899824619293213e-01
-4.803899824619293213e-01
-4.803899824619293213e-01
-2.009892761707305908e-01
-2.281238734722137451e-01
-2.619147896766662598e-01
-2.892771661281585693e-01
-3.110669255256652832e-01
-3.123177886009216309e-01
-2.855590879917144775e-01
-2.463747709989547729e-01
-2.000583857297897339e-01
-1.687536090612411499e-01
-1.605270951986312866e-01
-1.874004006385803223e-01
-2.216477841138839722e-01
-2.576315104961395264e-01
-2.995212078094482422e-01
-3.339987099170684814e-01
-3.694864809513092041e-01
-4.035833477973937988e-01
-4.407523572444915771e-01
-4.742957949638366699e-01
-5.084896087646484375e-01
-5.442907810211181641e-01
-5.757115483283996582e-01
-6.099964976310729980e-01
-6.399162411689758301e-01
-6.691083908081054688e-01
-6.980264186859130859e-01
-7.292780280113220215e-01
-7.555879354476928711e-01
-7.806848883628845215e-01
-8.086680173873901367e-01
-8.369441032409667969e-01
-8.646237254142761230e-01
-8.917459249496459961e-01
-9.204754233360290527e-01
-9.510267376899719238e-01
-9.763548970222473145e-01
-9.932773709297180176e-01
-1.001078009605407715e+00
-1.005036234855651855e+00
-1.009444713592529297e+00
-1.012128949165344238e+00
-1.010696411132812500e+00
-9.865851998329162598e-01
-9.168914556503295898e-01
-8.434394598007202148e-01
-7.637556791305541992e-01
-6.903134584426879883e-01
-6.111071109771728516e-01
-5.367205739021301270e-01
-4.731122553348541260e-01
-4.351096153259277344e-01
-4.643764793872833252e-01
-4.667348265647888184e-01
-4.667348265647888184e-01
-4.667348265647888184e-01
-4.667348265647888184e-01
-4.667348265647888184e-01
-9.736005216836929321e-02
1.326315663754940033e-02
1.246791854500770569e-01
2.444652169942855835e-01
3.414562344551086426e-01
4.799179434776306152e-01
5.941550731658935547e-01
6.853180527687072754e-01
7.327272891998291016e-01
7.368155121803283691e-01
7.062209248542785645e-01
6.190531849861145020e-01
4.968344271183013916e-01
4.029816091060638428e-01
3.188565671443939209e-01
2.720215618610382080e-01
2.353485971689224243e-01
2.125639617443084717e-01
1.906590163707733154e-01
1.599546968936920166e-01
1.016279608011245728e-01
1.041978504508733749e-02
-1.024295315146446228e-01
-2.152842879295349121e-01
-3.120249807834625244e-01
-4.478036165237426758e-01
-5.275542140007019043e-01
-5.672997832298278809e-01
-5.755387544631958008e-01
-5.761608481407165527e-01
-5.710673928260803223e-01
-5.634707212448120117e-01
-5.582643151283264160e-01
-5.708370804786682129e-01
-6.136837005615234375e-01
-6.806979775428771973e-01
-7.445833086967468262e-01
-8.107109665870666504e-01
-8.785383701324462891e-01
-9.183530807495117188e-01
-9.166382551193237305e-01
-8.971731662750244141e-01
-8.754436373710632324e-01
-8.528221249580383301e-01
-8.342292308807373047e-01
-8.216167092323303223e-01
-8.428344726562500000e-01
-8.850001692771911621e-01
-9.272944927215576172e-01
-9.704504013061523438e-01
-1.013292908668518066e+00
-1.035348534584045410e+00
-1.011087059974670410e+00
-9.508937597274780273e-01
-8.639994859695434570e-01
-7.741106152534484863e-01
-6.733739376068115234e-01
-6.187003850936889648e-01
-5.897191166877746582e-01
-5.870486497879028320e-01
-5.929366350173950195e-01
-5.991880893707275391e-01
-5.972033739089965820e-01
-5.725107789039611816e-01
-5.110741853713989258e-01
-4.501991569995880127e-01
-4.173675179481506348e-01
-3.088687062263488770e-01
-2.951601147651672363e-01
-3.191180825233459473e-01
-3.431536257266998291e-01
-3.764604032039642334e-01
-4.421120285987854004e-01
-5.274318456649780273e-01
-6.373593807220458984e-01
-7.485398650169372559e-01
-8.320974707603454590e-01
-8.971549868583679199e-01
-9.231125712394714355e-01
-9.212399125099182129e-01
-9.256923198699951172e-01
-9.167696833610534668e-01
-9.366864562034606934e-01
-9.933415651321411133e-01
-1.075571894645690918e+00
-1.164012074470520020e+00
-1.276771068572998047e+00
-1.406285762786865234e+00
-1.515485167503356934e+00
-1.644251465797424316e+00
-1.768502712249755859e+00
-1.873843312263488770e+00
-1.959424972534179688e+00
-2.007505416870117188e+00
-2.020070314407348633e+00
-1.983876585960388184e+00
-1.916788339614868164e+00
-1.805471062660217285e+00
-1.691589474678039551e+00
-1.578810095787048340e+00
-1.477934360504150391e+00
-1.443551301956176758e+00
-1.445944309234619141e+00
-1.501182198524475098e+00
-1.595117449760437012e+00
-1.695194005966186523e+00
-1.788764476776123047e+00
-1.890780210494995117e+00
-1.998909115791320801e+00
-2.077800035476684570e+00
-2.147901058197021484e+00
-2.147901058197021484e+00
-2.147901058197021484e+00
-2.147901058197021484e+00
-2.147901058197021484e+00
-2.147901058197021484e+00
-2.147901058197021484e+00
-2.147901058197021484e+00
-2.147901058197021484e+00
-2.147901058197021484e+00
-2.147901058197021484e+00
-2.147901058197021484e+00
-2.147901058197021484e+00
-2.147901058197021484e+00
-2.147901058197021484e+00
-2.147901058197021484e+00
-2.147901058197021484e+00
-2.147901058197021484e+00
-1.387684702873229980e+00
-1.347767472267150879e+00
-1.347279906272888184e+00
-1.410872220993041992e+00
-1.493312001228332520e+00
-1.627055883407592773e+00
-1.743990659713745117e+00
-1.856894135475158691e+00
-1.938720583915710449e+00
-1.967620849609375000e+00
-1.973081946372985840e+00
-1.977630615234375000e+00
-1.977630615234375000e+00
-1.977630615234375000e+00
-1.977630615234375000e+00
-1.410998344421386719e+00
-1.339138269424438477e+00
-1.321332216262817383e+00
-1.336477279663085938e+00
-1.336477279663085938e+00
-1.495262026786804199e+00
-1.657802343368530273e+00
-1.787807822227478027e+00
-1.898665428161621094e+00
-1.960528969764709473e+00
-1.971885561943054199e+00
-1.908535957336425781e+00
-1.908535957336425781e+00
-1.908535957336425781e+00
-1.908535957336425781e+00
-1.908535957336425781e+00
-1.403935194015502930e+00
-1.388323068618774414e+00
-1.329965353012084961e+00
-1.377140760421752930e+00
-1.468300223350524902e+00
-1.589340686798095703e+00
-1.712029814720153809e+00
-1.832715034484863281e+00
-1.889878749847412109e+00
-1.889878749847412109e+00
-1.889878749847412109e+00
-1.889878749847412109e+00
-1.889878749847412109e+00
-1.889878749847412109e+00
-1.889878749847412109e+00
-1.889878749847412109e+00
-1.889878749847412109e+00
-1.401377677917480469e+00
-1.433789134025573730e+00
-1.433789134025573730e+00
-1.433789134025573730e+00
-1.433789134025573730e+00
-1.433789134025573730e+00
-1.433789134025573730e+00
-1.433789134025573730e+00
-1.433789134025573730e+00
-1.433789134025573730e+00
-1.433789134025573730e+00
-1.433789134025573730e+00
-1.433789134025573730e+00
-1.433789134025573730e+00
-1.433789134025573730e+00
-1.433789134025573730e+00
-1.433789134025573730e+00
-1.433789134025573730e+00
-1.433789134025573730e+00
-1.433789134025573730e+00
-1.433789134025573730e+00
-1.433789134025573730e+00
-1.433789134025573730e+00
-1.433789134025573730e+00
-1.433789134025573730e+00
-1.433789134025573730e+00
-1.433789134025573730e+00
-1.433789134025573730e+00
-1.433789134025573730e+00
-1.433789134025573730e+00
-1.433789134025573730e+00
-1.852150917053222656e+00
-1.799855947494506836e+00
-1.799855947494506836e+00
-1.799855947494506836e+00
-1.799855947494506836e+00
-1.799855947494506836e+00
-1.799855947494506836e+00
-1.799855947494506836e+00
-1.799855947494506836e+00
-1.799855947494506836e+00
-1.799855947494506836e+00
-1.799855947494506836e+00
-1.799855947494506836e+00
-1.799855947494506836e+00
-1.799855947494506836e+00
-1.799855947494506836e+00
-1.799855947494506836e+00
-1.799855947494506836e+00
-1.799855947494506836e+00
-1.799855947494506836e+00
-1.799855947494506836e+00
-1.799855947494506836e+00
-1.799855947494506836e+00
-1.799855947494506836e+00
-1.799855947494506836e+00
-1.799855947494506836e+00
-1.799855947494506836e+00
-1.799855947494506836e+00
-1.836421966552734375e+00
-1.875582218170166016e+00
-1.915572285652160645e+00
-1.951291322708129883e+00
-1.987580895423889160e+00
-2.027837991714477539e+00
-2.057577133178710938e+00
-2.065248012542724609e+00
-2.069175720214843750e+00
-2.074347257614135742e+00
-2.085643768310546875e+00
-2.098090171813964844e+00
-2.107624292373657227e+00
-2.116590738296508789e+00
-2.128031730651855469e+00
-2.134965181350708008e+00
-2.141232252120971680e+00
-2.154563426971435547e+00
-2.159244537353515625e+00
-2.159043073654174805e+00
-2.171175003051757812e+00
-2.183067321777343750e+00
-2.196730852127075195e+00
-2.210254669189453125e+00
-2.229010105133056641e+00
-2.244868278503417969e+00
-2.263926744461059570e+00
-2.285454750061035156e+00
-2.305625677108764648e+00
-2.299977540969848633e+00
-2.301192522048950195e+00
-2.335743188858032227e+00
-2.374325752258300781e+00
-2.374325752258300781e+00
-2.374325752258300781e+00
-2.374325752258300781e+00
-2.374325752258300781e+00
-2.374325752258300781e+00
-2.374325752258300781e+00
-2.374325752258300781e+00
-2.374325752258300781e+00
-2.374325752258300781e+00
-2.374325752258300781e+00
-2.374325752258300781e+00
-2.374325752258300781e+00
-2.374325752258300781e+00
-2.374325752258300781e+00
-2.374325752258300781e+00
-2.374325752258300781e+00
-2.374325752258300781e+00
-2.374325752258300781e+00
-2.374325752258300781e+00
-2.374325752258300781e+00
-2.374325752258300781e+00
-2.374325752258300781e+00
-2.374325752258300781e+00
-2.374325752258300781e+00
-2.374325752258300781e+00
-2.374325752258300781e+00
-2.374325752258300781e+00
-2.374325752258300781e+00
-2.374325752258300781e+00
-2.374325752258300781e+00
-2.374325752258300781e+00
-2.374325752258300781e+00
-2.374325752258300781e+00
-2.374325752258300781e+00
-2.374325752258300781e+00
-2.374325752258300781e+00
-2.374325752258300781e+00
-2.374325752258300781e+00
-2.374325752258300781e+00
-2.374325752258300781e+00
-2.374325752258300781e+00
-2.374325752258300781e+00
-2.374325752258300781e+00
-2.374325752258300781e+00
-2.374325752258300781e+00
-2.374325752258300781e+00
-2.374325752258300781e+00
-2.374325752258300781e+00
-2.374325752258300781e+00
-2.374325752258300781e+00
-2.374325752258300781e+00
-2.374325752258300781e+00
-2.374325752258300781e+00
-2.374325752258300781e+00
-2.374325752258300781e+00
-2.374325752258300781e+00
-2.374325752258300781e+00
-2.374325752258300781e+00
-2.374325752258300781e+00
-2.374325752258300781e+00
