-4.124870777130126953e+00
-4.124870777130126953e+00
-4.124870777130126953e+00
-4.124870777130126953e+00
-4.124870777130126953e+00
-4.124870777130126953e+00
-4.124870777130126953e+00
-4.124870777130126953e+00
-4.124870777130126953e+00
-4.124870777130126953e+00
-4.124870777130126953e+00
-4.124870777130126953e+00
-4.124870777130126953e+00
-4.124870777130126953e+00
-4.124870777130126953e+00
-4.124870777130126953e+00
-4.124870777130126953e+00
-4.124870777130126953e+00
-4.124870777130126953e+00
-4.124870777130126953e+00
-4.124870777130126953e+00
-4.124870777130126953e+00
-4.124870777130126953e+00
-4.124870777130126953e+00
-4.124870777130126953e+00
-4.124870777130126953e+00
-4.124870777130126953e+00
-4.124870777130126953e+00
-4.124870777130126953e+00
-4.124870777130126953e+00
-4.124870777130126953e+00
-4.124870777130126953e+00
-4.124870777130126953e+00
-4.124870777130126953e+00
-4.124870777130126953e+00
-4.124870777130126953e+00
-4.124870777130126953e+00
-4.124870777130126953e+00
-4.124870777130126953e+00
-4.124870777130126953e+00
-4.124870777130126953e+00
-4.124870777130126953e+00
-4.124870777130126953e+00
-4.124870777130126953e+00
-4.124870777130126953e+00
-4.124870777130126953e+00
-4.124870777130126953e+00
-4.124870777130126953e+00
-4.124870777130126953e+00
-4.124870777130126953e+00
-4.124870777130126953e+00
-4.124870777130126953e+00
-4.124870777130126953e+00
-4.124870777130126953e+00
-4.124870777130126953e+00
-4.124870777130126953e+00
-4.124870777130126953e+00
-4.124870777130126953e+00
-4.124870777130126953e+00
-4.124870777130126953e+00
-4.124870777130126953e+00
-4.124870777130126953e+00
-4.124870777130126953e+00
-4.124870777130126953e+00
-4.124870777130126953e+00
-4.124870777130126953e+00
-4.124870777130126953e+00
-4.124870777130126953e+00
-4.124870777130126953e+00
-4.124870777130126953e+00
-4.124870777130126953e+00
-4.124870777130126953e+00
-4.124870777130126953e+00
-4.124870777130126953e+00
-4.124870777130126953e+00
-4.124870777130126953e+00
-4.124870777130126953e+00
-4.124870777130126953e+00
-4.124870777130126953e+00
-4.124870777130126953e+00
-4.124870777130126953e+00
-3.559758901596069336e+00
-3.498509645462036133e+00
-3.453793287277221680e+00
-3.394839048385620117e+00
-3.317132949829101562e+00
-3.248975992202758789e+00
-3.149030447006225586e+00
-3.041043519973754883e+00
-2.922109365463256836e+00
-2.797754049301147461e+00
-2.706652879714965820e+00
-2.628160238265991211e+00
-2.549549579620361328e+00
-2.487358093261718750e+00
-2.429200410842895508e+00
-2.372205018997192383e+00
-2.329830884933471680e+00
-2.296547412872314453e+00
-2.278081178665161133e+00
-2.261961698532104492e+00
-2.257500171661376953e+00
-2.258391618728637695e+00
-2.262009859085083008e+00
-2.268548011779785156e+00
-2.271184206008911133e+00
-2.261956214904785156e+00
-2.263144254684448242e+00
-2.263108730316162109e+00
-2.260109186172485352e+00
-2.259034395217895508e+00
-2.258136749267578125e+00
-2.259197711944580078e+00
-2.259319782257080078e+00
-2.259365797042846680e+00
-2.259382724761962891e+00
-2.259344339370727539e+00
-2.259366989135742188e+00
-2.259660959243774414e+00
-2.259582042694091797e+00
-2.259602785110473633e+00
-2.259389162063598633e+00
-2.259470462799072266e+00
-2.259791374206542969e+00
-2.259357690811157227e+00
-2.259332180023193359e+00
-2.259258270263671875e+00
-2.259116411209106445e+00
-2.259321212768554688e+00
-2.259438991546630859e+00
-2.259330987930297852e+00
-2.259366035461425781e+00
-2.259302616119384766e+00
-2.259338617324829102e+00
-2.259296894073486328e+00
-2.259288311004638672e+00
-2.259294986724853516e+00
-2.259268760681152344e+00
-2.259526729583740234e+00
-2.259725570678710938e+00
-2.259694337844848633e+00
-2.259822130203247070e+00
-2.259735345840454102e+00
-2.259730815887451172e+00
-2.259672641754150391e+00
-2.259847640991210938e+00
-2.259730100631713867e+00
-2.259763240814208984e+00
-2.259693384170532227e+00
-2.259755134582519531e+00
-2.259780883789062500e+00
-2.259749412536621094e+00
-2.259691238403320312e+00
-2.259725093841552734e+00
-2.259780645370483398e+00
-2.259706735610961914e+00
-2.259682178497314453e+00
-2.259772539138793945e+00
-2.259801626205444336e+00
-2.259682416915893555e+00
-2.259788990020751953e+00
-2.259793043136596680e+00
-2.259627580642700195e+00
-2.259644031524658203e+00
-2.259629487991333008e+00
-2.259684324264526367e+00
-2.259712219238281250e+00
-2.259735584259033203e+00
-2.259581089019775391e+00
-2.259662151336669922e+00
-2.259736537933349609e+00
-2.259749412536621094e+00
-2.259634494781494141e+00
-2.259778499603271484e+00
-2.259721040725708008e+00
-2.259724855422973633e+00
-2.259697198867797852e+00
-2.259678840637207031e+00
-2.259795188903808594e+00
-2.259640216827392578e+00
-2.259615182876586914e+00
-2.259770154953002930e+00
-2.259740591049194336e+00
-2.259805202484130859e+00
-2.259720802307128906e+00
-2.259704828262329102e+00
-2.259732246398925781e+00
-2.259723663330078125e+00
-2.259803533554077148e+00
-2.259731054306030273e+00
-2.259857416152954102e+00
-2.259790420532226562e+00
-2.259739875793457031e+00
-2.259745836257934570e+00
-2.259641170501708984e+00
-2.259785175323486328e+00
-2.259599924087524414e+00
-2.259682178497314453e+00
-2.259659290313720703e+00
-2.259700775146484375e+00
-2.259626150131225586e+00
-2.259768724441528320e+00
-2.259671211242675781e+00
-2.259644269943237305e+00
-2.259746313095092773e+00
-2.259767532348632812e+00
-2.259745597839355469e+00
-2.259738206863403320e+00
-2.255250692367553711e+00
-2.253385782241821289e+00
-2.263374567031860352e+00
-2.280778646469116211e+00
-2.301637411117553711e+00
-2.314933776855468750e+00
-2.327812433242797852e+00
-2.329342365264892578e+00
-2.330527305603027344e+00
-2.319962501525878906e+00
-2.300450325012207031e+00
-2.280351638793945312e+00
-2.259096145629882812e+00
-2.250015258789062500e+00
-2.238885402679443359e+00
-2.247302770614624023e+00
-2.261849164962768555e+00
-2.281271219253540039e+00
-2.302140235900878906e+00
-2.326707363128662109e+00
-2.339946031570434570e+00
-2.341935396194458008e+00
-2.334157228469848633e+00
-2.318530082702636719e+00
-2.295476436614990234e+00
-2.276146650314331055e+00
-2.250761270523071289e+00
-2.240988969802856445e+00
-2.244228124618530273e+00
-2.256788730621337891e+00
-2.275091648101806641e+00
-2.290939092636108398e+00
-2.320627689361572266e+00
-2.335441589355468750e+00
-2.344020366668701172e+00
-2.343367099761962891e+00
-2.329605102539062500e+00
-2.311026811599731445e+00
-2.288391828536987305e+00
-2.266637802124023438e+00
-2.248152971267700195e+00
-2.241403579711914062e+00
-2.251394271850585938e+00
-2.266847372055053711e+00
-2.286668062210083008e+00
-2.312684774398803711e+00
-2.334280967712402344e+00
-2.344926118850708008e+00
-2.344131231307983398e+00
-2.337511777877807617e+00
-2.318630695343017578e+00
-2.294990777969360352e+00
-2.274330854415893555e+00
-2.252591848373413086e+00
-2.239967584609985352e+00
-2.245277404785156250e+00
-2.258381128311157227e+00
-2.276840448379516602e+00
-2.294060468673706055e+00
-2.321391582489013672e+00
-2.337795734405517578e+00
-2.342337369918823242e+00
-2.343545198440551758e+00
-2.328062295913696289e+00
-2.308460712432861328e+00
-2.287498235702514648e+00
-2.261786460876464844e+00
-2.249024152755737305e+00
-2.243201494216918945e+00
-2.253458023071289062e+00
-2.268150091171264648e+00
-2.289495706558227539e+00
-2.312844753265380859e+00
-2.338386297225952148e+00
-2.346021890640258789e+00
-2.347865819931030273e+00
-2.339346408843994141e+00
-2.320954799652099609e+00
-2.297286748886108398e+00
-2.276450157165527344e+00
-2.253654718399047852e+00
-2.244645595550537109e+00
-2.250313520431518555e+00
-2.265190124511718750e+00
-2.282927751541137695e+00
-2.302086114883422852e+00
-2.329080104827880859e+00
-2.341745615005493164e+00
-2.343400239944458008e+00
-2.345434188842773438e+00
-2.328898191452026367e+00
-2.305427312850952148e+00
-2.284815311431884766e+00
-2.261106729507446289e+00
-2.245080709457397461e+00
-2.244132757186889648e+00
-2.254472494125366211e+00
-2.263910055160522461e+00
-2.297721385955810547e+00
-2.326732635498046875e+00
-2.340208768844604492e+00
-2.344094038009643555e+00
-2.348652124404907227e+00
-2.337499141693115234e+00
-2.319423675537109375e+00
-2.295130968093872070e+00
-2.275009632110595703e+00
-2.255896806716918945e+00
-2.245460510253906250e+00
-2.253039598464965820e+00
-2.267163515090942383e+00
-2.287127971649169922e+00
-2.308685541152954102e+00
-2.334065914154052734e+00
-2.346422433853149414e+00
-2.347130060195922852e+00
-2.348317384719848633e+00
-2.332080841064453125e+00
-2.310592174530029297e+00
-2.288964033126831055e+00
-2.266054868698120117e+00
-2.251536607742309570e+00
-2.252745389938354492e+00
-2.263268709182739258e+00
-2.280720472335815430e+00
-2.297188282012939453e+00
-2.325259447097778320e+00
-2.343572139739990234e+00
-2.352191209793090820e+00
-2.349634170532226562e+00
-2.338597297668457031e+00
-2.318846225738525391e+00
-2.294886350631713867e+00
-2.273280858993530273e+00
-2.255384206771850586e+00
-2.247669696807861328e+00
-2.255755662918090820e+00
-2.270757198333740234e+00
-2.290796756744384766e+00
-2.310898065567016602e+00
-2.338262081146240234e+00
-2.348567485809326172e+00
-2.346054553985595703e+00
-2.346217870712280273e+00
-2.329567432403564453e+00
-2.306830883026123047e+00
-2.286143541336059570e+00
-2.262518882751464844e+00
-2.251399517059326172e+00
-2.253004550933837891e+00
-2.264432191848754883e+00
-2.285521984100341797e+00
-2.302636384963989258e+00
-2.328840494155883789e+00
-2.346856117248535156e+00
-2.351498126983642578e+00
-2.350636482238769531e+00
-2.337946653366088867e+00
-2.317142248153686523e+00
-2.295126199722290039e+00
-2.271875143051147461e+00
-2.255993843078613281e+00
-2.249823570251464844e+00
-2.259372949600219727e+00
-2.273738861083984375e+00
-2.293923139572143555e+00
-2.314539194107055664e+00
-2.338654518127441406e+00
-2.349818944931030273e+00
-2.351708650588989258e+00
-2.341167211532592773e+00
-2.326623201370239258e+00
-2.304188251495361328e+00
-2.285967588424682617e+00
-2.262214899063110352e+00
-2.250985145568847656e+00
-2.257435560226440430e+00
-2.271561861038208008e+00
-2.292044639587402344e+00
-2.305560111999511719e+00
-2.333792448043823242e+00
-2.347342252731323242e+00
-2.349518299102783203e+00
-2.351499557495117188e+00
-2.337204456329345703e+00
-2.314366817474365234e+00
-2.290816783905029297e+00
-2.268840789794921875e+00
-2.255512952804565430e+00
-2.248290061950683594e+00
-2.258898258209228516e+00
-2.273069381713867188e+00
-2.293815374374389648e+00
-2.316740751266479492e+00
-2.339741945266723633e+00
-2.347723960876464844e+00
-2.349224090576171875e+00
-2.340719699859619141e+00
-2.322511911392211914e+00
-2.299978017807006836e+00
-2.279092311859130859e+00
-2.259245872497558594e+00
-2.249431371688842773e+00
-2.256181955337524414e+00
-2.270967960357666016e+00
-2.292202472686767578e+00
-2.308780670166015625e+00
-2.334756374359130859e+00
-2.348917722702026367e+00
-2.351047039031982422e+00
-2.353646755218505859e+00
-2.337276935577392578e+00
-2.314910650253295898e+00
-2.294919729232788086e+00
-2.272598505020141602e+00
-2.257664442062377930e+00
-2.255751609802246094e+00
-2.265335559844970703e+00
-2.283011198043823242e+00
-2.299931764602661133e+00
-2.322642326354980469e+00
-2.348761796951293945e+00
-2.355861902236938477e+00
-2.357359647750854492e+00
-2.347711563110351562e+00
-2.330918312072753906e+00
-2.306690692901611328e+00
-2.287323474884033203e+00
-2.265513181686401367e+00
-2.254705905914306641e+00
-2.261309862136840820e+00
-2.274448156356811523e+00
-2.293075561523437500e+00
-2.308330535888671875e+00
-2.337358713150024414e+00
-2.351672649383544922e+00
-2.358263254165649414e+00
-2.357497215270996094e+00
-2.342694759368896484e+00
-2.318779706954956055e+00
-2.299319744110107422e+00
-2.275806903839111328e+00
-2.263338327407836914e+00
-2.256653070449829102e+00
-2.267127752304077148e+00
-2.284976720809936523e+00
-2.301645040512084961e+00
-2.323886871337890625e+00
-2.346887350082397461e+00
-2.356770753860473633e+00
-2.357961416244506836e+00
-2.348953723907470703e+00
-2.330870151519775391e+00
-2.309743165969848633e+00
-2.289184093475341797e+00
-2.268179416656494141e+00
-2.257327079772949219e+00
-2.261980295181274414e+00
-2.275002479553222656e+00
-2.293517112731933594e+00
-2.306949853897094727e+00
-2.334352731704711914e+00
-2.351633310317993164e+00
-2.359621524810791016e+00
-2.358947515487670898e+00
-2.345298051834106445e+00
-2.324052810668945312e+00
-2.300277709960937500e+00
-2.279217243194580078e+00
-2.266134500503540039e+00
-2.257669448852539062e+00
-2.268278837203979492e+00
-2.282738208770751953e+00
-2.302872419357299805e+00
-2.326949596405029297e+00
-2.347916841506958008e+00
-2.357882738113403320e+00
-2.360831975936889648e+00
-2.352973222732543945e+00
-2.334711790084838867e+00
-2.312477350234985352e+00
-2.291940927505493164e+00
-2.270233154296875000e+00
-2.260222673416137695e+00
-2.263162136077880859e+00
-2.275756120681762695e+00
-2.295547723770141602e+00
-2.311760663986206055e+00
-2.338618278503417969e+00
-2.353371858596801758e+00
-2.354188203811645508e+00
-2.356230020523071289e+00
-2.347377538681030273e+00
-2.326320886611938477e+00
-2.305810689926147461e+00
-2.285680770874023438e+00
-2.271349906921386719e+00
-2.261151075363159180e+00
-2.271458387374877930e+00
-2.285031557083129883e+00
-2.308672428131103516e+00
-2.327349185943603516e+00
-2.350245714187622070e+00
-2.362962961196899414e+00
-2.364485263824462891e+00
-2.358389616012573242e+00
-2.342456340789794922e+00
-2.316958189010620117e+00
-2.298060894012451172e+00
-2.276993513107299805e+00
-2.264400720596313477e+00
-2.268116474151611328e+00
-2.280998945236206055e+00
-2.297450780868530273e+00
-2.316393136978149414e+00
-2.341476678848266602e+00
-2.358689308166503906e+00
-2.363717317581176758e+00
-2.363477230072021484e+00
-2.351006507873535156e+00
-2.329005241394042969e+00
-2.308317422866821289e+00
-2.284073114395141602e+00
-2.270395755767822266e+00
-2.260117053985595703e+00
-2.269172191619873047e+00
-2.284056663513183594e+00
-2.304297924041748047e+00
-2.324169635772705078e+00
-2.347565174102783203e+00
-2.363129854202270508e+00
-2.364658832550048828e+00
-2.359762907028198242e+00
-2.343513011932373047e+00
-2.320075988769531250e+00
-2.300334215164184570e+00
-2.278215646743774414e+00
-2.266684532165527344e+00
-2.268208265304565430e+00
-2.280360460281372070e+00
-2.298277616500854492e+00
-2.318269968032836914e+00
-2.342354297637939453e+00
-2.357834339141845703e+00
-2.368676662445068359e+00
-2.368394374847412109e+00
-2.356235742568969727e+00
-2.334110260009765625e+00
-2.312818288803100586e+00
-2.290415287017822266e+00
-2.278844833374023438e+00
-2.267896413803100586e+00
-2.275941848754882812e+00
-2.289329767227172852e+00
-2.310289621353149414e+00
-2.332606554031372070e+00
-2.353384971618652344e+00
-2.365109443664550781e+00
-2.367552280426025391e+00
-2.364837646484375000e+00
-2.348869085311889648e+00
-2.324122905731201172e+00
-2.304210186004638672e+00
-2.283904075622558594e+00
-2.268405437469482422e+00
-2.269881963729858398e+00
-2.281091213226318359e+00
-2.298065900802612305e+00
-2.317435503005981445e+00
-2.343932151794433594e+00
-2.357269525527954102e+00
-2.368724346160888672e+00
-2.368722200393676758e+00
-2.358000040054321289e+00
-2.338375806808471680e+00
-2.315371036529541016e+00
-2.293718576431274414e+00
-2.283339023590087891e+00
-2.269326686859130859e+00
-2.278234243392944336e+00
-2.291540861129760742e+00
-2.311785697937011719e+00
-2.330822229385375977e+00
-2.357906579971313477e+00
-2.370522975921630859e+00
-2.366954565048217773e+00
-2.367376327514648438e+00
-2.350723981857299805e+00
-2.328138828277587891e+00
-2.309748172760009766e+00
-2.285898685455322266e+00
-2.274433612823486328e+00
