-5.426996231079101562e+00
-5.426996231079101562e+00
-5.426996231079101562e+00
-5.426996231079101562e+00
-5.426996231079101562e+00
-5.426996231079101562e+00
-5.426996231079101562e+00
-5.426996231079101562e+00
-5.426996231079101562e+00
-5.426996231079101562e+00
-5.426996231079101562e+00
-5.426996231079101562e+00
-5.426996231079101562e+00
-5.426996231079101562e+00
-5.426996231079101562e+00
-5.426996231079101562e+00
-5.426996231079101562e+00
-5.426996231079101562e+00
-5.426996231079101562e+00
-5.426996231079101562e+00
-5.426996231079101562e+00
-5.426996231079101562e+00
-5.426996231079101562e+00
-5.426996231079101562e+00
-5.426996231079101562e+00
-5.426996231079101562e+00
-5.426996231079101562e+00
-5.426996231079101562e+00
-5.426996231079101562e+00
-5.426996231079101562e+00
-5.426996231079101562e+00
-5.426996231079101562e+00
-5.426996231079101562e+00
-5.426996231079101562e+00
-5.426996231079101562e+00
-5.426996231079101562e+00
-5.426996231079101562e+00
-5.426996231079101562e+00
-5.426996231079101562e+00
-5.426996231079101562e+00
-5.426996231079101562e+00
-5.426996231079101562e+00
-5.426996231079101562e+00
-5.426996231079101562e+00
-5.426996231079101562e+00
-5.426996231079101562e+00
-5.426996231079101562e+00
-5.426996231079101562e+00
-5.426996231079101562e+00
-5.426996231079101562e+00
-5.426996231079101562e+00
-5.426996231079101562e+00
-5.426996231079101562e+00
-5.426996231079101562e+00
-5.426996231079101562e+00
-5.426996231079101562e+00
-5.426996231079101562e+00
-5.426996231079101562e+00
-5.426996231079101562e+00
-5.426996231079101562e+00
-5.426996231079101562e+00
-5.426996231079101562e+00
-3.403244316577911377e-01
-1.045166850090026855e-01
1.528156101703643799e-01
4.115372300148010254e-01
6.518371701240539551e-01
8.920701742172241211e-01
1.134290575981140137e+00
1.394212245941162109e+00
1.638479351997375488e+00
1.883944153785705566e+00
2.150053501129150391e+00
2.397328853607177734e+00
2.643672227859497070e+00
2.913416862487792969e+00
3.162019491195678711e+00
3.412302732467651367e+00
3.663919925689697266e+00
3.923065900802612305e+00
4.131135940551757812e+00
4.427706241607666016e+00
4.664282798767089844e+00
4.966120719909667969e+00
5.194077968597412109e+00
5.428436279296875000e+00
5.510306835174560547e+00
5.510306835174560547e+00
5.510306835174560547e+00
5.510306835174560547e+00
5.510306835174560547e+00
5.510306835174560547e+00
5.510306835174560547e+00
5.510306835174560547e+00
5.510306835174560547e+00
